Evaluation,Time,Iteration
4.349515865695537E9,0.0,0
4.332184358865064E9,0.0,10
4.329353173913865E9,0.0,11
4.327465555166412E9,0.0,30
4.325643963885731E9,0.0,33
4.31935927619231E9,0.0,34
4.316267356494584E9,0.0,36
4.31046997099364E9,94.0,1845
4.309279615437934E9,94.0,1846
4.2812012800423822E9,94.0,1849
4.277119080430211E9,94.0,1855
4.269998541168914E9,94.0,1856
4.2658127998017955E9,94.0,1860
4.2471403468719687E9,94.0,1861
4.2403205833800597E9,94.0,1864
4.2388637951095614E9,94.0,1865
4.2314245532576084E9,94.0,1866
4.227314673196697E9,94.0,1869
4.214305727650503E9,94.0,1946
4.2043334329240613E9,94.0,1948
4.2001976221600776E9,94.0,1958
4.196038516830238E9,94.0,1979
4.188506559832124E9,94.0,1980
4.1822260554336247E9,94.0,1981
4.1821660341113997E9,94.0,1996
4.175824367817724E9,94.0,2008
4.175791802081903E9,94.0,2011
4.165940779742636E9,94.0,2013
4.161713082048704E9,94.0,2018
4.159562300397868E9,94.0,2019
4.159270786963115E9,94.0,2024
4.1476658002407784E9,94.0,2025
4.14616392259659E9,94.0,2029
4.144840249746274E9,94.0,2048
4.1356842818463483E9,94.0,2049
4.125826494627559E9,94.0,2055
4.1241904944722285E9,94.0,2068
4.1220904180853853E9,94.0,2070
4.119457008798449E9,94.0,2073
4.11834760966648E9,94.0,2074
4.1169350873974814E9,94.0,2079
4.1053063471911893E9,94.0,2080
4.1042922850980463E9,94.0,2083
4.1030116121367207E9,94.0,2084
4.102866642424463E9,94.0,2085
4.1008842153334007E9,94.0,2086
4.0967542122384157E9,94.0,2091
4.091540913952011E9,94.0,2095
4.0881439966644864E9,94.0,2096
4.087626350915462E9,94.0,2098
4.0867139755528035E9,110.0,2376
4.084573188195803E9,110.0,2377
4.0822703118543506E9,110.0,2381
4.0805552440174713E9,110.0,2385
4.0752244103756866E9,110.0,2386
4.06472974917429E9,110.0,2401
4.0472691967994103E9,110.0,2402
4.043700475788963E9,110.0,2404
4.0416970886019397E9,110.0,2406
4.034630231724537E9,110.0,2408
4.0298280406152267E9,110.0,2412
4.0270166154825926E9,110.0,2413
4.0252975411996536E9,110.0,2427
4.021850199241973E9,110.0,2428
4.018836181617081E9,110.0,2429
4.017020827121068E9,110.0,2430
4.0010131505820127E9,110.0,2445
3.9888372566297817E9,873.0,25593
3.9879888352509623E9,873.0,25597
3.972890479728553E9,873.0,25614
3.972183442592599E9,873.0,25722
3.967675964973677E9,873.0,25740
3.963492949068532E9,873.0,25742
3.957436745408923E9,873.0,25744
3.9558732401841903E9,873.0,25752
3.942271641961085E9,873.0,25753
3.941138999740792E9,873.0,25755
3.939826785777291E9,873.0,25763
3.9378805079705715E9,873.0,25764
3.936105657069455E9,873.0,25765
3.9334073783260417E9,873.0,25769
3.9232291861171412E9,873.0,25770
3.911620210194252E9,873.0,25787
3.907378872417853E9,873.0,25829
3.898914437024035E9,873.0,25830
3.889622905043028E9,1592.0,51685
3.8783106665225096E9,1592.0,51686
3.870805656394146E9,1592.0,51687
3.869321816067089E9,2874.0,97288
3.8583874922741055E9,2874.0,97290
3.8530056276664453E9,2874.0,97291
3.852641225961636E9,2874.0,97292
3.847480502529646E9,2874.0,97294
3.838597158313703E9,2874.0,97295
3.8341828423198676E9,2874.0,97305
3.8197982731329846E9,2874.0,97306
3.8196960055375113E9,2874.0,97307
3.808580709676726E9,2874.0,97309
3.808462490384745E9,2874.0,97310
3.7998747939065065E9,2874.0,97311
3.799835263389008E9,2874.0,97315
3.792920186132956E9,2874.0,97318
3.7884860454175673E9,2874.0,97319
3.7671571822044287E9,4077.0,140660
3.764148780782136E9,4077.0,140661
3.762351327589369E9,4077.0,140662
3.7618362616816664E9,4077.0,140664
3.758118441629281E9,4077.0,140666
3.757630332540469E9,4077.0,140669
3.7506855628334565E9,4077.0,140695
3.7480785341769705E9,4077.0,140700
3.7464549494248285E9,4077.0,140702
3.741919491208679E9,4077.0,140705
3.740955601426124E9,4077.0,140739
3.7396723638313365E9,4077.0,140750
3.738802043399861E9,4077.0,140790
3.7312122524005413E9,4077.0,140831
3.727574094271561E9,4077.0,140901
3.7255370580257416E9,4077.0,140929
3.721075814790854E9,4077.0,140933
3.7034528884428606E9,4077.0,140938
3.692438467539986E9,4077.0,140973
3.6910225170181637E9,4077.0,140974
3.6846305876615357E9,4077.0,140975
3.6804674040846996E9,5530.0,196760
3.6746989731433024E9,5530.0,196761
3.6662423468166E9,6015.0,214112
3.664994582203729E9,6015.0,214113
3.6618945549116793E9,6015.0,214114
3.656217814835874E9,6015.0,214115
3.656167302715519E9,6015.0,214120
3.6438317507347755E9,6015.0,214122
3.6429207979507804E9,6015.0,214123
3.642674624654694E9,6312.0,224830
3.636632274342737E9,6468.0,231097
3.6316495492157993E9,6468.0,231102
3.6314916057109404E9,6468.0,231103
3.6255558396328363E9,6468.0,231105
3.624890806893243E9,6483.0,231920
3.6175685074833035E9,6483.0,231921
3.613470709020501E9,6483.0,231922
3.6111405806645513E9,6483.0,231923
3.602701891917763E9,6483.0,231924
3.598698585736711E9,6483.0,231925
3.5971135811022725E9,6483.0,231927
3.595860842247212E9,6483.0,231940
3.5923721549310017E9,6483.0,231946
3.5761197387706833E9,6483.0,231953
3.570990300311896E9,6483.0,231955
3.57012844281162E9,6483.0,231956
3.5684086677174277E9,6483.0,231957
3.566557589798226E9,6483.0,231964
3.541571164944295E9,6483.0,231967
3.5386891778257914E9,6796.0,244541
3.5341688738081064E9,6796.0,244543
3.5099626123632603E9,6796.0,244545
3.506951757725715E9,6796.0,244548
3.505357958540164E9,6796.0,244549
3.5030907353426647E9,6796.0,244550
3.5011637576541443E9,7108.0,256688
3.4935081453483434E9,7108.0,256689
3.486992848986636E9,7108.0,256696
3.486949493236429E9,7108.0,256700
3.4843978423535757E9,7108.0,256704
3.4823012709978833E9,7108.0,256709
3.479701766226448E9,7108.0,256711
3.479174022014912E9,7140.0,257999
3.4772253566282783E9,7140.0,258001
3.474723927538682E9,7140.0,258008
3.474650966274439E9,7140.0,258016
3.4732028494772863E9,7140.0,258025
3.4569558288691597E9,7140.0,258028
3.453565791631826E9,7468.0,271213
3.4476006259195175E9,7468.0,271223
3.425670827902075E9,7468.0,271224
3.4243195383382416E9,7468.0,271234
3.4203930022366734E9,7468.0,271235
3.404206337788147E9,7468.0,271236
3.3978716715154133E9,7468.0,271237
3.3951409508018923E9,7468.0,271238
3.3847018900200186E9,7468.0,271240
3.3840883272211866E9,7468.0,271295
3.383435101780671E9,7468.0,271296
3.3828276669440594E9,7468.0,271312
3.382603885953939E9,7468.0,271318
3.3759710349387302E9,7702.0,280693
3.37305389337665E9,7702.0,280695
3.368885586657126E9,7702.0,280792
3.3679238942642226E9,7702.0,280793
3.3597027484353385E9,7702.0,280798
3.3509804682032676E9,7702.0,280808
3.3509620490402384E9,7718.0,280861
3.350593333784464E9,7718.0,280864
3.34357154241306E9,7718.0,280865
3.3403590158682656E9,7718.0,280872
3.3331787230926147E9,7718.0,280873
3.3309950065060744E9,7718.0,280875
3.330490401749469E9,7718.0,280876
3.319875255958805E9,7718.0,280899
3.31627360083429E9,7718.0,280900
3.3145293106627817E9,7718.0,280901
3.3136717201738324E9,7718.0,280902
3.3131586525191455E9,7718.0,280904
3.307148518499966E9,7718.0,280909
3.3023568220969014E9,7718.0,280912
3.299423979264749E9,7718.0,280914
3.294447680284344E9,7718.0,280920
3.29202679862132E9,7718.0,280933
3.2839513004502707E9,7718.0,280934
3.283894108406247E9,7718.0,280936
3.283640660881541E9,7718.0,280984
3.280884308144463E9,7718.0,280997
3.280327201095421E9,7718.0,280998
3.2797406943393826E9,7718.0,281018
3.277198120090219E9,7718.0,281019
3.276317226496489E9,7718.0,281024
3.2607140476175246E9,7718.0,281056
3.259443719466182E9,7718.0,281064
3.256695971527596E9,7718.0,281065
3.2553044047117977E9,7718.0,281066
3.2515707131151547E9,7718.0,281095
3.248042255529384E9,7718.0,281097
3.2465865658480268E9,7718.0,281201
3.246555049505096E9,7718.0,281203
3.2363021512672267E9,7718.0,281204
3.235281741008613E9,7718.0,281206
3.2330321723753896E9,7718.0,281207
3.2307215409702106E9,7718.0,281379
3.230062631940586E9,7718.0,281382
3.2272562496143427E9,7718.0,281384
3.2116032478304563E9,7718.0,281385
3.2105320636748457E9,7718.0,281386
3.2012043052495794E9,8593.0,316076
3.1968174640300407E9,8593.0,316091
3.1900832894909515E9,8593.0,316093
3.183477846228593E9,8593.0,316094
3.180968214081373E9,8593.0,316095
3.179223927392905E9,8593.0,316096
3.175666914016858E9,8593.0,316097
3.1755000464504433E9,8593.0,316120
3.1708371443749866E9,8593.0,316121
3.17017874279426E9,8593.0,316123
3.1578261550827217E9,8593.0,316130
3.1540059541167107E9,8593.0,316131
3.152261943374331E9,8593.0,316134
3.144121382790746E9,8593.0,316139
3.143929446437277E9,8593.0,316140
3.143708236677401E9,8593.0,316149
3.1422182300490756E9,8593.0,316151
3.1400147802739797E9,8593.0,316169
3.129506490219836E9,8593.0,316174
3.1289502392337003E9,8593.0,316179
3.1232364006745543E9,8593.0,316180
3.1049509697341685E9,8593.0,316183
3.103467504800672E9,8593.0,316184
3.100733639746881E9,8593.0,316186
3.0899698179622188E9,8593.0,316190
3.0891312489529953E9,8593.0,316191
3.0798487133245754E9,8593.0,316192
3.078738433594629E9,8593.0,316193
3.077797775846042E9,8937.0,330499
3.077720976395545E9,8937.0,330501
3.0762316367003245E9,8937.0,330506
3.073271412996334E9,8937.0,330508
3.0698960092579007E9,8937.0,330510
3.0677695392494497E9,8999.0,332215
3.065916069980663E9,8999.0,332216
3.065382253396179E9,8999.0,332218
3.0588774209047604E9,8999.0,332220
3.057363222316567E9,8999.0,332226
3.0573404997849765E9,8999.0,332229
3.055091577977542E9,8999.0,332230
3.0534679818498955E9,8999.0,332231
3.051221550064686E9,8999.0,332232
3.033230395166358E9,8999.0,332233
3.0313585708870225E9,8999.0,332236
3.025368350430798E9,8999.0,332239
3.0249693553970275E9,8999.0,332246
3.024444826892434E9,8999.0,332251
3.024165278228317E9,8999.0,332254
3.0110722317545376E9,8999.0,332255
3.010977795759722E9,8999.0,332256
3.009950338633226E9,8999.0,332258
3.008437925415946E9,8999.0,332352
3.0026754636163025E9,8999.0,332354
3.000427073880144E9,8999.0,332357
2.9985997343650484E9,8999.0,332362
2.9928260903857675E9,8999.0,332397
2.9911804299447093E9,8999.0,332398
2.9895545625726643E9,8999.0,332625
2.989517152751461E9,8999.0,332626
2.9785852509472084E9,8999.0,332627
2.974972860922492E9,8999.0,332629
2.972489063310004E9,8999.0,332631
2.969715677986314E9,8999.0,332633
2.9628285988103E9,8999.0,332634
2.961609502950024E9,8999.0,332635
2.9616058176795382E9,8999.0,332636
2.9587098339309187E9,9312.0,345186
2.956941805462225E9,9312.0,345188
2.9511997554419346E9,9312.0,345232
2.9504067421795764E9,9312.0,345235
2.9462262460947256E9,9312.0,345236
2.9441330833665137E9,9312.0,345238
2.9435661274556513E9,9312.0,345360
2.9398548034520283E9,9312.0,345363
2.9307344023101983E9,9312.0,345364
2.9268055576556916E9,9312.0,345366
2.9230567611098747E9,9312.0,345369
2.922444826716955E9,9312.0,345406
2.920380820169669E9,9312.0,345407
2.9174478139533577E9,9484.0,352071
2.9136150933940253E9,9484.0,352072
2.913159806878749E9,9484.0,352073
2.912956878990948E9,9484.0,352076
2.9107996722837796E9,9484.0,352085
2.9078348630578475E9,9484.0,352087
2.9065709595061812E9,9484.0,352095
2.905190849280844E9,9484.0,352096
2.9018197974569187E9,9484.0,352097
2.9010373529053946E9,9484.0,352099
2.886397671270165E9,9484.0,352106
2.87808943461186E9,9484.0,352111
2.8679988069472723E9,9484.0,352114
2.865308868072562E9,9484.0,352166
2.859614082863945E9,9484.0,352170
2.856850926273384E9,9484.0,352172
2.8565853944403925E9,9484.0,352194
2.855516145979071E9,9609.0,357475
2.8540261658794155E9,9609.0,357480
2.8517498518309717E9,9609.0,357481
2.8459631991213408E9,9609.0,357483
2.842497506214393E9,9609.0,357484
2.8410318042143297E9,9609.0,357485
2.8377407534192586E9,9609.0,357489
2.837029833759274E9,9609.0,357491
2.836996809637735E9,9609.0,357493
2.826948715102411E9,9609.0,357497
2.819162139672212E9,9609.0,357500
2.8096763177454176E9,9609.0,357501
2.8007140121796904E9,9609.0,357503
2.7944477995348024E9,9609.0,357504
2.7930686705173593E9,9609.0,357506
2.7912485076632023E9,9609.0,357508
2.7911136450645423E9,9624.0,358332
2.7846825467356186E9,9624.0,358344
2.7836851354772825E9,9624.0,358345
2.778304064435788E9,9624.0,358363
2.7748973131116047E9,9624.0,358364
2.7728773986859074E9,9624.0,358365
2.7699300893077517E9,9624.0,358369
2.7647506171867514E9,9624.0,358370
2.759650152856934E9,9624.0,358371
2.7590330721044297E9,9624.0,358372
2.7577248035166993E9,9624.0,358376
2.7520949138803916E9,9624.0,358381
2.749946643413843E9,9624.0,358388
2.7474966177521772E9,9640.0,358428
2.7459201822087646E9,9640.0,358437
2.745372260836993E9,9640.0,358472
2.7436918151960583E9,9640.0,358473
2.7388650288102374E9,9640.0,358483
2.7380198625260315E9,9640.0,358485
2.730016050402078E9,9640.0,358486
2.7279963347041945E9,9640.0,358514
2.7274478017041454E9,9640.0,358519
2.727116920957788E9,9640.0,358520
2.726802661376866E9,9640.0,358526
2.718471898282241E9,9640.0,358527
2.717949277161564E9,9640.0,358529
2.714339508416446E9,9734.0,362288
2.713518700946901E9,9734.0,362289
2.706993621824909E9,9734.0,362293
2.7038908043798494E9,9734.0,362298
2.6995075809019966E9,9734.0,362299
2.6987412867693863E9,9734.0,362301
2.697510438269684E9,9734.0,362305
2.696120839075065E9,9734.0,362310
2.6949085972863975E9,10062.0,375764
2.692669082128738E9,10062.0,375766
2.6925001258382955E9,10062.0,375768
2.6904695712960486E9,10062.0,375769
2.674441782113067E9,10062.0,375770
2.6733389584203544E9,10062.0,375771
2.6732732819042125E9,10062.0,375773
2.666217392052616E9,10062.0,375776
2.6655560469922457E9,10062.0,375789
2.6651410016100864E9,10062.0,375790
2.6638673524938526E9,10062.0,375792
2.663712661846698E9,10062.0,375794
2.659791992085043E9,10062.0,375868
2.6589309483370366E9,10062.0,375977
2.6587179510600157E9,10062.0,375983
2.6566735321094294E9,10062.0,376029
2.654782654508279E9,10296.0,384312
2.6546186815498514E9,10296.0,384317
2.6533748666650047E9,10296.0,384491
2.6514466077809086E9,10296.0,384507
2.649575079395403E9,10296.0,384520
2.6488267731841865E9,10296.0,384523
2.6468531642607565E9,10296.0,384526
2.639804397381368E9,10296.0,384527
2.639667516179952E9,10296.0,384530
2.6393251297316756E9,10296.0,384533
2.6369512130900636E9,10296.0,384535
2.6260740697816477E9,10296.0,384555
2.625449229257996E9,10296.0,384575
2.6239694425249743E9,10296.0,384583
2.616522177493346E9,10296.0,384585
2.6096874508597975E9,10296.0,384586
2.6084571562899933E9,10296.0,384589
2.608271234076668E9,10296.0,384591
2.608002388310097E9,10296.0,384597
2.6056726166916723E9,10296.0,384835
2.590932110402114E9,10296.0,384840
2.588588064200813E9,10296.0,384843
2.5884142712339716E9,10312.0,385011
2.586508836727445E9,10312.0,385014
2.585891584817029E9,10312.0,385029
2.5819004821648054E9,10312.0,385031
2.5808127703607397E9,10312.0,385037
2.578373110886303E9,10312.0,385054
2.577999493503707E9,10312.0,385056
2.5734824895151834E9,10312.0,385100
2.5688577913042827E9,10312.0,385101
2.5682263947751136E9,10312.0,385104
2.5669198737378817E9,10312.0,385115
2.561909939622855E9,10312.0,385119
2.561669245886238E9,10312.0,385120
2.5609374505462947E9,10312.0,385123
2.5604835344192905E9,10312.0,385151
2.559471433910104E9,10312.0,385169
2.5582409369378767E9,10312.0,385459
2.557517973212264E9,10312.0,385460
2.557251213944785E9,10312.0,385462
2.550509893772846E9,10312.0,385477
2.5491171944212756E9,10312.0,385539
2.547736448007144E9,10328.0,385610
2.5412904105742106E9,10328.0,385613
2.5407277830447826E9,10328.0,385615
2.5381814967563696E9,10328.0,385618
2.5379199474179335E9,10328.0,385621
2.534843436779074E9,10328.0,385627
2.5341658388433523E9,10328.0,385628
2.533909622510883E9,10328.0,385690
2.533274831735265E9,10328.0,385693
2.5328109880479245E9,10406.0,389000
2.5190066319806457E9,10406.0,389003
2.5186867436124144E9,10406.0,389178
2.5138613872428384E9,10406.0,389180
2.50456471222498E9,10406.0,389181
2.5033366741460133E9,10406.0,389182
2.503108286017079E9,10406.0,389185
2.5027826406337175E9,10437.0,390235
2.498889128410386E9,10437.0,390236
2.49336222372385E9,10437.0,390238
2.492148710550269E9,10437.0,390245
2.487986016972961E9,10437.0,390247
2.486439414512839E9,10437.0,390252
2.4730066916923237E9,10437.0,390254
2.4707172330617194E9,10437.0,390256
2.462050442511123E9,10437.0,390262
2.458418624903684E9,10437.0,390265
2.458311283405169E9,10437.0,390267
2.4488524053803306E9,10437.0,390268
2.448412473593174E9,10437.0,390293
2.432318391914383E9,10437.0,390295
2.4321762988898883E9,10437.0,390298
2.426603823305815E9,10437.0,390302
2.425438896972026E9,10437.0,390308
2.423041232958404E9,10437.0,390327
2.421616423433933E9,10437.0,390330
2.420123816245562E9,10437.0,390333
2.419372660826432E9,10437.0,390335
2.4188573449026175E9,10437.0,390336
2.418585831548039E9,10437.0,390337
2.4122654287370043E9,10437.0,390339
2.411854031958106E9,10437.0,390340
2.411239599797773E9,10437.0,390341
2.4111707342471423E9,10437.0,390347
2.4108473116847696E9,10437.0,390353
2.4096908299074945E9,10437.0,390355
2.4089576447178693E9,10437.0,390358
2.407334032221476E9,10437.0,390360
2.404612308158749E9,10437.0,390361
2.397392045175083E9,10437.0,390363
2.3967483187110376E9,10437.0,390364
2.395067035269742E9,10437.0,390387
2.3893990105775485E9,10437.0,390388
2.3869988436878176E9,10468.0,391848
2.378390089679372E9,10468.0,391882
2.375993703700437E9,10468.0,391885
2.374405028147241E9,10468.0,391898
2.370608604969815E9,10468.0,391903
2.3702726935988536E9,10468.0,391904
2.365698902465085E9,10468.0,391906
2.364984591688715E9,10468.0,391908
2.3638328812685127E9,10468.0,392057
2.3404258931591167E9,10468.0,392060
2.337774922133847E9,10468.0,392062
2.334200703625086E9,10468.0,392063
2.3329529088455286E9,10468.0,392064
2.332069985848174E9,10468.0,392065
2.3298241282939777E9,10468.0,392066
2.325826480916113E9,10468.0,392068
2.3228339068471537E9,10468.0,392070
2.319458480114331E9,10468.0,392071
2.316443648705518E9,10468.0,392097
2.3138670422078533E9,10468.0,392102
2.3105807550675097E9,10468.0,392106
2.309301020842627E9,10468.0,392123
2.30767630725179E9,10468.0,392125
2.3071726642015924E9,10468.0,392127
2.3061762573152065E9,10499.0,392826
2.3038202731475205E9,10499.0,392927
2.303036402524381E9,10499.0,392928
2.2970857446387177E9,10499.0,392978
2.2957451333523126E9,10499.0,392991
2.293460813380408E9,10499.0,393005
2.2931380355921707E9,10499.0,393039
2.2929535454666743E9,10499.0,393040
2.2928483315152764E9,10499.0,393045
2.2919157258224664E9,10499.0,393047
2.291826569486963E9,10499.0,393072
2.2905915442585917E9,10499.0,393073
2.289155222072205E9,10499.0,393074
2.288846578716864E9,10499.0,393100
2.284484720509079E9,10499.0,393101
2.283295014201201E9,10499.0,393266
2.282323523974246E9,10499.0,393267
2.282316407744267E9,10499.0,393268
2.280014635548981E9,10499.0,393269
2.2798422941204166E9,10499.0,393270
2.278581904885611E9,10499.0,393273
2.277653615032742E9,10499.0,393274
2.2772039281646237E9,10499.0,393276
2.2758143274547696E9,10499.0,393277
2.2718560420385714E9,10499.0,393278
2.26490370333174E9,10499.0,393286
2.264483009651946E9,10781.0,404983
2.2644430688850646E9,10796.0,405449
2.2642938541463494E9,10796.0,405455
2.262940174722263E9,10796.0,405458
2.2573661583736105E9,10796.0,405459
2.255365736830838E9,10796.0,405460
2.255240201843255E9,10796.0,405462
2.25488927807544E9,10796.0,405470
2.250830122272667E9,10796.0,405472
2.2462779869033422E9,10796.0,405477
2.2460657681959743E9,10796.0,405482
2.232304019564443E9,10796.0,405484
2.229705448488103E9,10796.0,405687
2.2213728877605457E9,10937.0,411046
2.220642525000775E9,10937.0,411047
2.2193844070473E9,10937.0,411048
2.2188481877985067E9,10937.0,411055
2.218532739802999E9,10937.0,411060
2.2146493118593388E9,10937.0,411062
2.213324370565159E9,10937.0,411430
2.2125187475910964E9,10937.0,411434
2.210240774337968E9,10937.0,411435
2.193475827238547E9,10937.0,411441
2.1924975645715284E9,10937.0,411442
2.19078621342811E9,11093.0,417269
2.1891041181940894E9,11093.0,417272
2.188090416947109E9,11093.0,417278
2.1880773765491505E9,11093.0,417279
2.1836176762435226E9,11093.0,417284
2.1806714459942493E9,11093.0,417285
2.179804637037874E9,11093.0,417290
2.179335944732899E9,11093.0,417295
2.178889815064176E9,11093.0,417297
2.1770011393717127E9,11124.0,418882
2.1730545023899846E9,11124.0,418888
2.1725639346901584E9,11124.0,418890
2.1710605613029475E9,11140.0,418995
2.1705595702400184E9,11140.0,418998
2.1696829777377887E9,11140.0,419007
2.1658057004866843E9,11140.0,419018
2.1634500607996497E9,11140.0,419026
2.163121487796896E9,11140.0,419038
2.1605659697183843E9,11140.0,419198
2.1598379234826784E9,11140.0,419199
2.159730120728097E9,11140.0,419200
2.157490100767828E9,11140.0,419203
2.157096070657266E9,11203.0,421566
2.1558784285542197E9,11203.0,421583
2.154528039595393E9,11203.0,421658
2.148891175146562E9,11203.0,421660
2.147758061362143E9,11203.0,421679
2.147621819494E9,11203.0,421680
2.147515523636232E9,11203.0,421681
2.1376654547204967E9,11203.0,421682
2.1361432756704319E9,11203.0,421703
2.1343362777956681E9,11203.0,421711
2.1306631376692863E9,11203.0,421713
2.1300875220133076E9,11203.0,421716
2.1296818105215228E9,11203.0,421724
2.1295580523388426E9,11203.0,421725
2.1288782410857728E9,11203.0,421728
2.1284311439553242E9,11203.0,421735
2.1273138020838232E9,11203.0,421736
2.1236121451282747E9,11390.0,428336
2.1228797577066884E9,11390.0,428338
2.12271348572764E9,11390.0,428358
2.1208528517586718E9,11390.0,428359
2.1181634203877554E9,11390.0,428368
2.1135722207570002E9,11390.0,428370
2.1131685371581197E9,11390.0,428373
2.1082674203411233E9,11390.0,428397
2.1079743268330293E9,11390.0,428399
2.1061645649700844E9,11421.0,429171
2.102267268381242E9,11421.0,429180
2.1009354326888392E9,11421.0,429181
2.1004492174819663E9,11421.0,429183
2.0976519005181422E9,11421.0,429391
2.0974674048649158E9,11421.0,429435
2.093921165075636E9,11421.0,429445
2.0930875025713866E9,11421.0,429447
2.0897423180021086E9,11421.0,429619
2.0886541237982428E9,11437.0,429652
2.0880917229754934E9,11437.0,429653
2.0847593092727177E9,11437.0,429712
2.0807447176645455E9,11437.0,429714
2.0799729721985202E9,11437.0,429715
2.0769709887567203E9,11437.0,429719
2.0731075649690583E9,11437.0,429721
2.0697393534224987E9,11437.0,429724
2.0696291232947965E9,11437.0,429739
2.0687761406454072E9,11515.0,432583
2.0674748330872955E9,11515.0,432585
2.0669094888461893E9,11515.0,432588
2.0600210562564962E9,11515.0,432592
2.058860455320176E9,11531.0,433388
2.0584660076277056E9,11531.0,433390
2.0562992198198705E9,11531.0,433431
2.0556692245564237E9,11531.0,433436
2.055659902022909E9,11531.0,433444
2.0497657918089058E9,11546.0,433447
2.0492763569705265E9,11546.0,433608
2.0461422794997818E9,11546.0,433609
2.0457229809955487E9,11546.0,433613
2.0447733404525037E9,11546.0,433615
2.0432250558467443E9,11546.0,433617
2.0426552108502917E9,11546.0,433619
2.0423159674698958E9,11546.0,433622
2.0396472571667373E9,11546.0,433623
2.039532362296841E9,11546.0,433624
2.0385633787010424E9,11546.0,433626
2.0324877245505524E9,11546.0,433771
2.029754243206236E9,11546.0,433774
2.0258341998035958E9,11546.0,433776
2.0252853941323378E9,11546.0,433780
2.024320092248996E9,11546.0,433781
2.0196967727986627E9,11546.0,433782
2.0175667337703E9,11546.0,433783
2.015347634286691E9,11546.0,433784
2.0153069102406707E9,11546.0,433808
2.0152055710196872E9,11546.0,433847
2.0129283001837745E9,11546.0,433886
2.0110354087907405E9,11546.0,433890
2.0047371415972435E9,11546.0,433893
2.0036759048170903E9,11546.0,433897
2.0002214990066664E9,11562.0,434090
1.9950590497184181E9,11562.0,434098
1.9942267847384033E9,11562.0,434179
1.9940539367910347E9,11562.0,434180
1.993933210938344E9,11562.0,434181
1.9910600910785122E9,11562.0,434186
1.989598906745008E9,11562.0,434191
1.9890095806527176E9,11562.0,434192
1.9885555760781832E9,11562.0,434195
1.987529694705864E9,11562.0,434215
1.986158248273035E9,11562.0,434218
1.9844594883769555E9,11562.0,434220
1.9836065366626344E9,11562.0,434221
1.982377338225286E9,11562.0,434224
1.9805753498147256E9,11562.0,434361
1.9792170536470242E9,11562.0,434363
1.9761370895210154E9,11562.0,434364
1.9750519517842028E9,11562.0,434373
1.9747171179075584E9,11578.0,434917
1.9738987392863383E9,11578.0,434919
1.9703493124584846E9,11578.0,434929
1.9666184233198926E9,11578.0,434952
1.9662392916123521E9,11578.0,434968
1.9652726386158445E9,11578.0,434969
1.9641527333314426E9,11578.0,434971
1.9624253347635841E9,11671.0,438211
1.961862852697884E9,11671.0,438213
1.961724368483161E9,11671.0,438214
1.9616223810503883E9,11671.0,438215
1.957610283986138E9,11671.0,438309
1.9575988941389093E9,11671.0,438312
1.9575820160088744E9,11671.0,438313
1.95183020138653E9,11671.0,438315
1.9452894613188634E9,11671.0,438317
1.944678208351481E9,11671.0,438318
1.943747784512772E9,11671.0,438324
1.9430430481650596E9,11671.0,438330
1.9388489745178325E9,11671.0,438331
1.9376151424584E9,11671.0,438332
1.9300655589517467E9,11671.0,438333
1.9285119115007603E9,11671.0,438334
1.928343753877044E9,11671.0,438342
1.92808731641122E9,11671.0,438349
1.923391803849998E9,11671.0,438353
1.9218169764830909E9,11671.0,438355
1.9143371374633963E9,11671.0,438365
1.9135866882195852E9,11671.0,438366
1.9108081949223764E9,11671.0,438420
1.909843497438491E9,11671.0,438433
1.9012846626777437E9,11671.0,438442
1.8955632103461106E9,11671.0,438446
1.8948626027151978E9,11671.0,438485
1.8928416144909434E9,11671.0,438508
1.892610186008622E9,11671.0,438575
1.886058325999063E9,11671.0,438576
1.883241831966589E9,11671.0,438603
1.8817581993538556E9,11671.0,438604
1.881456364280611E9,12046.0,453952
1.8787714859717607E9,12046.0,453953
1.878549958638504E9,12046.0,453955
1.8778922831417317E9,12046.0,453961
1.8765701806670012E9,12046.0,453966
1.8754827257336621E9,12046.0,453972
1.874999794662125E9,12046.0,453979
1.8733281474754884E9,12046.0,454022
1.8726370607543166E9,12046.0,454025
1.8685735390721593E9,12046.0,454034
1.868136353071251E9,12046.0,454035
1.8593277862667112E9,12046.0,454041
1.8537742839108608E9,12046.0,454059
1.8536740292577605E9,12046.0,454167
1.851816869706432E9,12046.0,454171
1.8496028922622523E9,12046.0,454179
1.8493161350085888E9,12046.0,454189
1.8471223498397696E9,12046.0,454195
1.8469887543786998E9,12046.0,454197
1.845832140391901E9,12046.0,454203
1.841932897061813E9,12046.0,454207
1.8388555465181553E9,12062.0,454246
1.836189502714005E9,12062.0,454257
1.8361303602563634E9,12062.0,454259
1.8324083724398086E9,12062.0,454263
1.830597145748322E9,12062.0,454267
1.8292294161221108E9,12062.0,454268
1.828861933220224E9,12062.0,454286
1.8283891394751406E9,12062.0,454300
1.8283710597078867E9,12062.0,454302
1.8275725467137003E9,12062.0,454303
1.8218984665869555E9,12062.0,454312
1.8210313977154117E9,12062.0,454318
1.820590707239698E9,12062.0,454324
1.8173857274057724E9,12062.0,454449
1.814870911581992E9,12062.0,454455
1.8117493491236968E9,12062.0,454456
1.8116718020915794E9,12062.0,454458
1.8116295662021132E9,12062.0,454460
1.8103516711297436E9,12062.0,454462
1.8097360220707445E9,12062.0,454469
1.8062682142748115E9,12062.0,454471
1.8060878066195602E9,12093.0,455666
1.8036399508254454E9,12093.0,455701
1.803556297755485E9,12109.0,456726
1.798563393559754E9,12109.0,456731
1.798403155014366E9,12125.0,457157
1.7974104211791472E9,12125.0,457267
1.7960491200841625E9,12125.0,457268
1.7955879389530656E9,12125.0,457279
1.7881223734674273E9,12125.0,457320
1.7831754234944742E9,12125.0,457322
1.782727832688101E9,12125.0,457339
1.7799022686645305E9,12125.0,457346
1.7777844441177769E9,12125.0,457359
1.7744837604590232E9,12125.0,457360
1.7726061210758262E9,12125.0,457363
1.766816333699663E9,12218.0,461270
1.7666947778785248E9,12218.0,461271
1.7655612416326563E9,12218.0,461275
1.7590487915501904E9,12218.0,461277
1.7563896176587405E9,12218.0,461310
1.7558371964859326E9,12218.0,461319
1.7512052195374715E9,12218.0,461320
1.751177911366804E9,12218.0,461339
1.750658629530359E9,12218.0,461341
1.750150936946964E9,12218.0,461343
1.7489605926107922E9,12218.0,461344
1.7469283462082853E9,12218.0,461345
1.7462133296839743E9,12218.0,461356
1.7449309962683074E9,12218.0,461493
1.7441435452839088E9,12234.0,461532
1.7429139365378277E9,12234.0,461533
1.7414117092482321E9,12234.0,461537
1.7406965323222427E9,12234.0,461544
1.7391438734813104E9,12234.0,461557
1.7380681272967658E9,12234.0,461558
1.7370660439544375E9,12234.0,461578
1.733838112373092E9,12250.0,462370
1.7336938907840593E9,12250.0,462381
1.7327856173732479E9,12250.0,462384
1.7325028842987595E9,12250.0,462394
1.730626288508782E9,12250.0,462405
1.7297561595169024E9,12250.0,462415
1.7274083133794954E9,12250.0,462422
1.7267655614358401E9,12250.0,462426
1.726272595580052E9,12250.0,462438
1.725257792675407E9,12250.0,462440
1.7233174669581716E9,12265.0,462928
1.7184184990476606E9,12265.0,462929
1.713816509731143E9,12265.0,462962
1.712237998897282E9,12265.0,462963
1.7118235868543148E9,12265.0,462968
1.710577972260355E9,12265.0,462969
1.709026971794192E9,12265.0,462976
1.702155736650346E9,12265.0,462983
1.7017064715116887E9,12265.0,462984
1.700016255127963E9,12265.0,462993
1.6998127537587101E9,12265.0,462996
1.6905897570775585E9,12265.0,462997
1.690358553443827E9,12265.0,463014
1.6893843553767006E9,12265.0,463015
1.689167242728501E9,12265.0,463024
1.686824154428473E9,12265.0,463031
1.6825052144682186E9,12265.0,463032
1.6817203199394574E9,12265.0,463034
1.6816461212786164E9,12265.0,463035
1.6801177108943295E9,12265.0,463044
1.6782225729375591E9,12265.0,463047
1.677983884865045E9,12265.0,463093
1.6771307936115239E9,12265.0,463101
1.6766591520972135E9,12265.0,463220
1.6766350373452926E9,12265.0,463227
1.6760655003483882E9,12265.0,463228
1.6742420058660712E9,12265.0,463229
1.6735279379394171E9,12265.0,463230
1.6732459387033517E9,12265.0,463233
1.672097609990691E9,12265.0,463238
1.6640132349616497E9,12265.0,463243
1.6631847953645241E9,12265.0,463249
1.6624193251745749E9,12281.0,463686
1.6577799152654293E9,12422.0,469565
1.6567320228670244E9,12422.0,469607
1.6559990203653247E9,12422.0,469608
1.6550517745586796E9,12422.0,469614
1.6517189814044933E9,12422.0,469629
1.6513796100313957E9,12422.0,469631
1.6512759767597234E9,12422.0,469633
1.6479640975284917E9,12422.0,469652
1.6463781920104597E9,12422.0,469653
1.6460904037793329E9,12422.0,469656
1.645677785916625E9,12422.0,469658
1.645056592555243E9,12422.0,469661
1.6450471722873912E9,12422.0,469665
1.644573845180406E9,12422.0,469671
1.6429491300886896E9,12422.0,469680
1.642742282500499E9,12422.0,469741
1.6421688788016183E9,12422.0,469751
1.6401122177936084E9,12422.0,469758
1.6401000537975965E9,12422.0,469761
1.6397491284721136E9,12422.0,469762
1.6345111220289092E9,12422.0,469772
1.6330000692760475E9,12422.0,469775
1.6324157529738102E9,12422.0,469778
1.6312778271215575E9,12422.0,469787
1.6302180877121868E9,12422.0,469899
1.6266731013471506E9,12422.0,469900
1.6263518132399786E9,12422.0,469903
1.6240265594719994E9,12422.0,469905
1.6240234299997709E9,12422.0,469909
1.6231122355189903E9,12422.0,469910
1.622363843954373E9,12422.0,469925
1.6209173861752136E9,12422.0,469927
1.6190799704598835E9,12437.0,470040
1.6158897217406123E9,12437.0,470041
1.6134737447868056E9,12437.0,470068
1.6129287264991431E9,12437.0,470156
1.6041261619731445E9,12437.0,470159
1.602218323279821E9,12437.0,470161
1.6001621251447854E9,12437.0,470164
1.598906651894247E9,12437.0,470169
1.5971573986675115E9,12437.0,470170
1.592686442038786E9,12437.0,470179
1.5920376737744393E9,12437.0,470186
1.5888313457782438E9,12437.0,470192
1.5881287221182487E9,12437.0,470193
1.5859390581985526E9,12437.0,470196
1.585851015897746E9,12437.0,470200
1.585178726080975E9,12437.0,470201
1.5839124482511115E9,12437.0,470203
1.5754460863056154E9,12437.0,470207
1.5725379762189312E9,12437.0,470216
1.572309374315837E9,12437.0,470220
1.5702230915241814E9,12437.0,470222
1.568363089193715E9,12437.0,470292
1.5645463188496602E9,12437.0,470299
1.562560627641645E9,12437.0,470301
1.5620502484271827E9,12703.0,480833
1.5615935402750843E9,12703.0,480869
1.5615846975545774E9,12703.0,480872
1.561331579170674E9,12703.0,480873
1.5610260965084884E9,12703.0,480877
1.5601547503304555E9,12703.0,480885
1.559698980606375E9,12703.0,480886
1.5590778542413106E9,12703.0,480887
1.5588172466563935E9,12734.0,482289
1.557820543498365E9,12734.0,482302
1.5567013827364786E9,12734.0,482309
1.5565719659537394E9,12734.0,482311
1.5537054584937117E9,12734.0,482316
1.5536671861901426E9,12734.0,482373
1.5519132201783972E9,12750.0,482592
1.5479590108551705E9,12750.0,482593
1.5476772033734686E9,12750.0,482605
1.5473144144321995E9,12750.0,482607
1.5471090337252214E9,12750.0,482608
1.5451473036495798E9,12750.0,482610
1.537214728282003E9,12750.0,482612
1.5370688237498558E9,12750.0,482615
1.5360785042806997E9,12750.0,482616
1.5307015539581177E9,12750.0,482629
1.5278561004484017E9,12750.0,482672
1.5239756928994737E9,12750.0,482686
1.5225934869034142E9,12750.0,482696
1.521445474522271E9,12750.0,482703
1.5207058786289246E9,12750.0,482707
1.5198367655751023E9,12781.0,484185
1.5184381674769282E9,12781.0,484188
1.5143450565715618E9,12781.0,484223
1.510267552618567E9,12781.0,484224
1.5070254003642921E9,12781.0,484227
1.5047163070294237E9,12781.0,484229
1.5036252470227742E9,12781.0,484232
1.5021959068267517E9,12781.0,484233
1.5014192162944732E9,12781.0,484243
1.499107332888294E9,12781.0,484253
1.496055913603941E9,12781.0,484254
1.4956880749843602E9,12781.0,484259
1.4952500768681579E9,12781.0,484265
1.4952049343111777E9,12781.0,484268
1.4928898642966592E9,12781.0,484270
1.4910137772856054E9,12797.0,484428
1.488402917922725E9,12797.0,484429
1.4881136386505105E9,12797.0,484433
1.4874499207894006E9,12797.0,484436
1.4873065901801627E9,12797.0,484444
1.4848198131025698E9,12797.0,484456
1.4787091506056862E9,12797.0,484536
1.4765982878135638E9,12797.0,484557
1.4756955329202037E9,12797.0,484559
1.475678754136439E9,12797.0,484563
1.4754451918467195E9,12797.0,484565
1.4740648242854695E9,12797.0,484566
1.469794412334119E9,12797.0,484571
1.4693252807448325E9,12797.0,484581
1.468616312120327E9,12797.0,484583
1.4666932875452147E9,12797.0,484584
1.4660584328434522E9,12797.0,484590
1.4657090618190107E9,12797.0,484598
1.4645179407705126E9,12797.0,484599
1.4643707684886386E9,12937.0,490205
1.464046488649623E9,12937.0,490206
1.4639070178928156E9,12937.0,490208
1.4625726233617997E9,12937.0,490211
1.4573919670982904E9,12937.0,490345
1.4562789412053761E9,12937.0,490347
1.4551322458630447E9,12937.0,490363
1.4515448575935206E9,12937.0,490365
1.451542607894877E9,12937.0,490367
1.444350073098588E9,13125.0,498024
1.4417601791258655E9,13125.0,498025
1.4412588141667867E9,13125.0,498028
1.4412422768548403E9,13125.0,498029
1.4398926777562037E9,13125.0,498031
1.437831160440575E9,13125.0,498127
1.437756764187248E9,13125.0,498131
1.4365396058643472E9,13125.0,498133
1.4363308254072764E9,13125.0,498138
1.4351071956128247E9,13140.0,498391
1.4301196915233352E9,13140.0,498399
1.429339758416869E9,13140.0,498405
1.4292309445667202E9,13140.0,498407
1.4286009659453428E9,13140.0,498410
1.4265969180131094E9,13140.0,498453
1.4259821078994372E9,13140.0,498458
1.4254846141417994E9,13140.0,498459
1.424918842991535E9,13140.0,498529
1.4244403764790146E9,13140.0,498532
1.4233412422202106E9,13140.0,498538
1.4227882710081174E9,13140.0,498548
1.420372665170741E9,13140.0,498553
1.4193120621600409E9,13140.0,498561
1.4183610265699308E9,13156.0,499551
1.4111531914798992E9,13156.0,499555
1.4102119384246244E9,13156.0,499564
1.4061661238574543E9,13156.0,499574
1.4060623934037359E9,13156.0,499575
1.4035641725213985E9,13172.0,499601
1.4009305744303617E9,13172.0,499626
1.400176764322463E9,13172.0,499627
1.399723739335016E9,13172.0,499632
1.3987743621974604E9,13172.0,499644
1.398457940002647E9,13172.0,499645
1.3979175032829478E9,13172.0,499646
1.3978137336605952E9,13172.0,499647
1.3967485066705725E9,13172.0,499651
1.3961827750196326E9,13172.0,499654
1.3952765530034664E9,13172.0,499658
1.3940647714525716E9,13172.0,499665
1.3938011769290524E9,13172.0,499708
1.3927119816813147E9,13172.0,499711
1.3915366542402523E9,13172.0,499726
1.3911285721411402E9,13172.0,499995
1.3880478252242212E9,13172.0,499997
1.3857301018712604E9,13172.0,500035
1.3841267193293796E9,13172.0,500052
1.3839975293940487E9,13172.0,500184
1.3836754333135953E9,13172.0,500185
1.381423755449366E9,13172.0,500253
1.381354982608376E9,13172.0,500254
1.3808115140747595E9,13187.0,500266
1.3788570116067379E9,13187.0,500280
1.3746764000748975E9,13187.0,500298
1.37373214931984E9,13187.0,500302
1.373010008706403E9,13187.0,500305
1.3692523416941679E9,13187.0,500307
1.3675664632222033E9,13187.0,500318
1.3659597100390656E9,13187.0,500319
1.3658432319743862E9,13187.0,500325
1.3650411009080458E9,13187.0,500329
1.364292849248324E9,13187.0,500331
1.363505657448285E9,13187.0,500335
1.36031238558122E9,13187.0,500336
1.3590853583046823E9,13187.0,500528
1.357257034406899E9,13187.0,500869
1.3563545601498854E9,13187.0,500881
1.3535006081047742E9,13187.0,500885
1.3520220457482884E9,13187.0,500907
1.3449933928845649E9,13187.0,500909
1.3449242044488251E9,13187.0,500912
1.3435999962948406E9,13187.0,500913
1.3417405805580525E9,13203.0,500922
1.3404704547322931E9,13203.0,500923
1.3404316158193755E9,13203.0,500925
1.3398212538729992E9,13203.0,500930
1.3397231938547592E9,13203.0,500952
1.3394715762998023E9,13203.0,500970
1.338224676836156E9,13203.0,500980
1.336657296728307E9,13203.0,500982
1.3364105065176942E9,13203.0,500987
1.335447933489477E9,13203.0,500991
1.3347250992041516E9,13203.0,500992
1.3346935219806507E9,13203.0,501003
1.334537140665865E9,13203.0,501004
1.333701823416957E9,13203.0,501005
1.3332481823438187E9,13203.0,501326
1.3290372153125653E9,13203.0,501329
1.3288244847022243E9,13203.0,501330
1.3261538972021878E9,13203.0,501526
1.3260873085348206E9,13203.0,501537
1.3256229050487928E9,13203.0,501538
1.3245556073951883E9,13203.0,501552
1.3244106816914625E9,13203.0,501553
1.3243078091391802E9,13203.0,501572
1.3193874933899136E9,13218.0,501682
1.3104593393228917E9,13218.0,501702
1.308089837427279E9,13218.0,501707
1.3074858783589332E9,13218.0,501710
1.3071319931407216E9,13218.0,501713
1.306964664256052E9,13218.0,501721
1.30612777519948E9,13250.0,502924
1.3043931656715262E9,13250.0,502945
1.302984879807297E9,13250.0,502954
1.3029795973728423E9,13250.0,502955
1.3009051774002962E9,13250.0,502966
1.3005490879183927E9,13250.0,502968
1.2993629967130167E9,13250.0,503440
1.2989280940523891E9,13250.0,503446
1.2973218761984465E9,13250.0,503447
1.2964909311868148E9,13250.0,503457
1.2952379833070326E9,13250.0,503459
1.2950239293302274E9,13250.0,503463
1.2925845143694568E9,13250.0,503478
1.2879954377823527E9,13250.0,503484
1.2849801068942628E9,13312.0,505481
1.2815392661837292E9,13312.0,505482
1.2765314229027164E9,13312.0,505486
1.276336768353241E9,13312.0,505487
1.2759383780788887E9,13312.0,505490
1.2750281627327907E9,13312.0,505509
1.2733961538645873E9,13312.0,505530
1.2731820512411978E9,13312.0,505533
1.2713712508988924E9,13312.0,505535
1.2693586056352878E9,13343.0,507305
1.2684589225373342E9,13343.0,507308
1.2674641465651846E9,13343.0,507310
1.2623181824649982E9,13343.0,507368
1.261649654344616E9,13343.0,507375
1.2605463971545887E9,13343.0,507386
1.2590680917283947E9,13359.0,507716
1.2576311457335417E9,13359.0,507755
1.2565133731545517E9,13359.0,507761
1.2545012212793572E9,13359.0,507819
1.2543546625565815E9,13359.0,507823
1.2540253098721354E9,13359.0,507827
1.2530252369844398E9,13359.0,508045
1.2523738711188502E9,13359.0,508046
1.251912328694181E9,13484.0,513039
1.251080527429656E9,13484.0,513040
1.2506831420715714E9,13484.0,513056
1.2471737001204205E9,13484.0,513099
1.2468425509829557E9,13484.0,513100
1.2465871643768353E9,13484.0,513102
1.246511905453716E9,13484.0,513104
1.2459104213440046E9,13484.0,513143
1.2456953582654896E9,13484.0,513153
1.2447657621122477E9,13484.0,513157
1.2444988744572093E9,13484.0,513159
1.244472343787752E9,13484.0,513165
1.2439954528506494E9,13484.0,513167
1.2435805561812649E9,13484.0,513181
1.2415884254522378E9,13484.0,513187
1.2402236023663204E9,13484.0,513188
1.2399046620997531E9,13484.0,513189
1.2326243277605145E9,13484.0,513193
1.2302376077155333E9,13484.0,513216
1.2301521353216848E9,13515.0,514493
1.229919261638268E9,13515.0,514496
1.2298633401411E9,13515.0,514500
1.2294002357641606E9,13515.0,514506
1.2285437069968667E9,13515.0,514517
1.2275512279978704E9,13515.0,514618
1.2272923308381553E9,13515.0,514619
1.2249777913765483E9,13515.0,514622
1.2224447129083996E9,13515.0,514627
1.2201767159538856E9,13515.0,514628
1.219598652332901E9,13515.0,514631
1.2189710559900174E9,13515.0,514641
1.2167971493407028E9,13531.0,514855
1.2143235469968257E9,13531.0,514869
1.2109381716212382E9,13531.0,514871
1.2108222288391793E9,13531.0,514884
1.2082419799284222E9,13531.0,514888
1.2079169055640981E9,13531.0,514889
1.205510814443055E9,13531.0,514897
1.2051800283199453E9,13531.0,514900
1.2024094525885913E9,13562.0,515769
1.1997961378886971E9,13562.0,515776
1.1990186479886112E9,13562.0,515783
1.1983153518111572E9,13562.0,515876
1.1952214385400252E9,13562.0,515884
1.1915182282539556E9,13562.0,515902
1.1901108687881842E9,13562.0,515914
1.1900690405579436E9,13562.0,515945
1.1865070723539243E9,13562.0,516029
1.1864082280206358E9,13562.0,516054
1.1854580006244817E9,13562.0,516056
1.1854402146435096E9,13609.0,517969
1.1841777921165366E9,13609.0,518125
1.183010979388297E9,13609.0,518126
1.1828219427473464E9,13609.0,518138
1.1819288949703336E9,13609.0,518237
1.1811219914003808E9,13609.0,518240
1.177191051460748E9,13609.0,518241
1.1766794561865087E9,13625.0,518358
1.1765932606248593E9,13625.0,518365
1.17614665791533E9,13625.0,518368
1.1761260625274343E9,13625.0,518370
1.175684131897991E9,13625.0,518862
1.1740571503429E9,13625.0,518884
1.172833002721647E9,13625.0,518890
1.1724634401625576E9,13625.0,518904
1.1720380726882055E9,13625.0,518929
1.1702753917737882E9,13625.0,518936
1.1670405638968327E9,13625.0,518938
1.1650793897813444E9,13625.0,518946
1.1647156959167907E9,13625.0,518948
1.1560398017459362E9,13625.0,518957
1.1548569528129954E9,13640.0,519383
1.1530396848384986E9,13640.0,519385
1.1530060612892177E9,13640.0,519405
1.1526187183600678E9,13640.0,519406
1.152384936368993E9,13797.0,525915
1.1500490100991054E9,13797.0,525994
1.1491555987480967E9,13797.0,525995
1.1475583972916641E9,13797.0,525996
1.1470849682095044E9,13797.0,525997
1.1470279211981058E9,13797.0,526000
1.1467339358263738E9,13797.0,526003
1.146582864939516E9,13797.0,526007
1.1465107965076902E9,13797.0,526178
1.1464992196058035E9,13797.0,526179
1.1464738519797263E9,13797.0,526193
1.1427067004423273E9,13812.0,526199
1.140060738464984E9,13812.0,526244
1.1385076801378033E9,13812.0,526257
1.1366507700078733E9,13875.0,528717
1.1345375698478527E9,13875.0,528718
1.1339812211087358E9,13875.0,528719
1.1296825716642327E9,13875.0,528766
1.1294347402935154E9,13875.0,528772
1.1289338363981304E9,13875.0,528785
1.1284248162818282E9,13875.0,528863
1.1280431591900268E9,13922.0,531034
1.1266092543935945E9,13922.0,531040
1.1248702667652004E9,13953.0,532396
1.1246682820701194E9,13969.0,533048
1.1242552807623782E9,13969.0,533054
1.1236666781350403E9,13969.0,533058
1.1227861669609785E9,13969.0,533060
1.1226441857098546E9,13969.0,533071
1.1195479387500768E9,13969.0,533073
1.1195052194498951E9,13969.0,533078
1.118002392264647E9,13969.0,533102
1.1179251043236744E9,13969.0,533106
1.1177919581150267E9,13969.0,533135
1.1163986694251714E9,13969.0,533149
1.1163304716925066E9,13969.0,533154
1.1155651744779332E9,13984.0,533236
1.114111295262251E9,13984.0,533239
1.111930971724094E9,13984.0,533240
1.1116190802006798E9,13984.0,533244
1.1110473578315775E9,13984.0,533255
1.1096209129757242E9,13984.0,533261
1.109534360460589E9,13984.0,533307
1.109225834738162E9,13984.0,533311
1.1079187171962016E9,13984.0,533314
1.1072223285948105E9,13984.0,533315
1.106399783771424E9,13984.0,533316
1.105875029559051E9,13984.0,533351
1.104408421171039E9,13984.0,533366
1.1042800537330356E9,13984.0,533379
1.101867155434685E9,13984.0,533440
1.0993570103810267E9,13984.0,533445
1.0989977074419513E9,14000.0,534518
1.0989410967189307E9,14000.0,534523
1.0953565358667572E9,14015.0,534677
1.0951717350988863E9,14015.0,534684
1.0947019254091759E9,14015.0,534686
1.0941170457319884E9,14015.0,534692
1.0941006638176765E9,14015.0,534698
1.0940721490275958E9,14015.0,534699
1.0940260341279511E9,14015.0,534709
1.0924669008233144E9,14015.0,534947
1.0902720449643466E9,14015.0,535011
1.0888470903313844E9,14015.0,535012
1.0883740663212981E9,14015.0,535014
1.0867880117335086E9,14015.0,535032
1.0855880878786502E9,14015.0,535033
1.0846447248158164E9,14015.0,535041
1.0846002391499004E9,14015.0,535045
1.083478636670931E9,14015.0,535051
1.0834647061179974E9,14015.0,535053
1.0826649471393404E9,14015.0,535055
1.0811757146913512E9,14015.0,535061
1.0806959817817779E9,14015.0,535070
1.0791416688006718E9,14031.0,535322
1.079122884857348E9,14031.0,535346
1.0790304562023852E9,14047.0,536040
1.0789914335775218E9,14047.0,536043
1.0783922711469507E9,14047.0,536058
1.0783834058656113E9,14047.0,536059
1.077747448040006E9,14047.0,536065
1.0770731782313974E9,14062.0,536980
1.0753395580715668E9,14062.0,536984
1.0748222867883642E9,14062.0,536986
1.0736715907611192E9,14062.0,536996
1.0699171671181834E9,14062.0,537051
1.0680000245504494E9,14062.0,537058
1.0674426089891448E9,14062.0,537066
1.0648504458556527E9,14078.0,537158
1.0641533993105721E9,14078.0,537355
1.0641420396488075E9,14078.0,537357
1.063754724856547E9,14078.0,537362
1.061579004866796E9,14078.0,537370
1.060821919046774E9,14187.0,541800
1.0588592638816588E9,14187.0,541802
1.058697047811249E9,14187.0,541803
1.0583721611949279E9,14203.0,542523
1.0576174913072455E9,14203.0,542532
1.0576171366348478E9,14203.0,542534
1.0556827607385448E9,14203.0,542540
1.0544235118107272E9,14203.0,542541
1.0537751480107099E9,14203.0,542559
1.0507430315832382E9,14203.0,542562
1.0507272613043637E9,14203.0,542564
1.0503933731308227E9,14203.0,542566
1.0492801866770803E9,14203.0,542604
1.0488481875113375E9,14203.0,542605
1.0483567641500511E9,14203.0,542609
1.0474850072723042E9,14203.0,542611
1.0444984982358745E9,14203.0,542616
1.044015427829274E9,14203.0,542617
1.0439188255356672E9,14219.0,542912
1.04258013028028E9,14219.0,542913
1.0423966021298147E9,14219.0,542918
1.041975260379983E9,14219.0,542935
1.0419356246509154E9,14219.0,542946
1.0413810507269378E9,14219.0,543028
1.0407223441828617E9,14219.0,543029
1.0404816965687718E9,14219.0,543087
1.0396938028127913E9,14219.0,543090
1.039516061932206E9,14219.0,543108
1.0383954705595801E9,14219.0,543112
1.0383617565080484E9,14219.0,543117
1.0370892220372181E9,14219.0,543164
1.0363929928998109E9,14219.0,543186
1.0362281045968696E9,14219.0,543187
1.0350765010380212E9,14219.0,543189
1.03484183580221E9,14219.0,543204
1.0347708045854446E9,14219.0,543210
1.0339041321846633E9,14219.0,543214
1.0337222627297436E9,14219.0,543217
1.0333021990925108E9,14219.0,543220
1.031942103154783E9,14219.0,543233
1.0318523925745862E9,14219.0,543235
1.0305869024804384E9,14219.0,543238
1.0305600175000345E9,14219.0,543240
1.0303184626966065E9,14219.0,543287
1.0298422681664628E9,14219.0,543293
1.0297568751197507E9,14219.0,543303
1.0293344525094601E9,14219.0,543307
1.0293066451520464E9,14219.0,543310
1.0286570104347703E9,14219.0,543311
1.0284992846830535E9,14219.0,543316
1.0284473191151571E9,14250.0,544456
1.0270732739049544E9,14250.0,544460
1.0265520761450281E9,14250.0,544493
1.0262280563165562E9,14250.0,544662
1.0255384950376446E9,14250.0,544695
1.0250095243866522E9,14265.0,544834
1.0236861777981097E9,14265.0,544838
1.0233208160481422E9,14265.0,544841
1.0229612980726725E9,14265.0,544843
1.0224808631045138E9,14265.0,544849
1.0224304880948615E9,14265.0,544855
1.0222940622933666E9,14265.0,544856
1.0206592792652495E9,14265.0,544865
1.0205130261916127E9,14265.0,544897
1.0201998859682903E9,14265.0,544899
1.0200371742116203E9,14265.0,544909
1.0195236030874944E9,14265.0,544910
1.0177080238703825E9,14265.0,544913
1.0164155610638039E9,14265.0,544915
1.0163647580763748E9,14265.0,544925
1.0160196387103144E9,14265.0,545054
1.0152257283995724E9,14281.0,545739
1.0142035674785714E9,14281.0,545740
1.0116942931183349E9,14312.0,547078
1.0104394269498732E9,14312.0,547088
1.0081449542338061E9,14312.0,547108
1.0077323984282247E9,14312.0,547132
1.0076441920659612E9,14312.0,547141
1.0025848105845957E9,14312.0,547148
1.002539545836287E9,14312.0,547151
1.0019294362663099E9,14312.0,547152
1.0018429161345643E9,14312.0,547224
1.0011625025451536E9,14312.0,547237
1.0005745285995474E9,14312.0,547241
1.0003958892544178E9,14312.0,547243
1.0002716542881638E9,14312.0,547272
9.995932644852675E8,14312.0,547280
9.992883840813767E8,14312.0,547282
9.989292543089379E8,14312.0,547286
9.986678479411548E8,14312.0,547416
9.986230953036524E8,14312.0,547421
9.984857345709306E8,14312.0,547423
9.974716724570196E8,14312.0,547454
9.961056108432578E8,14328.0,548045
9.935244549915078E8,14328.0,548064
9.934429186083394E8,14328.0,548084
9.926565075139549E8,14328.0,548211
9.917365671342341E8,14328.0,548222
9.911395424683259E8,14328.0,548236
9.911032936741694E8,14328.0,548240
9.907113076619269E8,14328.0,548241
9.881611459020466E8,14328.0,548245
9.873155380172364E8,14328.0,548250
9.863801652844173E8,14328.0,548264
9.860634398867084E8,14344.0,548443
9.859075477797872E8,14344.0,548476
9.842998596285526E8,14344.0,548877
9.840082732009766E8,14344.0,548887
9.815050240481479E8,14344.0,548897
9.814619911213741E8,14344.0,548903
9.780836096478851E8,14344.0,548910
9.772689351000309E8,14344.0,548911
9.77221581038503E8,14344.0,548914
9.766994436659433E8,14344.0,548933
9.766744703428813E8,14344.0,548937
9.755476217686465E8,14344.0,548945
9.742902598622019E8,14344.0,548950
9.718151803570421E8,14344.0,548952
9.708653618391415E8,14344.0,548988
9.698309520491846E8,14359.0,549239
9.683524551280671E8,14359.0,549289
9.676961752648172E8,14359.0,549291
9.665010934408623E8,14359.0,549304
9.659698410861633E8,14359.0,549408
9.622299824283822E8,14390.0,550934
9.618267843424703E8,14390.0,550938
9.618048305946064E8,14469.0,554158
9.610029827394116E8,14469.0,554163
9.609368987531581E8,14469.0,554164
9.608550077472663E8,14469.0,554166
9.605894034395922E8,14469.0,554169
9.602359106756786E8,14469.0,554170
9.595341646690128E8,14469.0,554363
9.589010760158335E8,14469.0,554414
9.579510657417204E8,14594.0,559375
9.575753609883534E8,14594.0,559376
9.567366030785952E8,14594.0,559382
9.5666990191509E8,14594.0,559398
9.561241498960596E8,14594.0,559401
9.560735555973758E8,14594.0,559416
9.551703487059412E8,14609.0,560406
9.539879935024364E8,14609.0,560411
9.537088325758362E8,14609.0,560412
9.530558501566632E8,14609.0,560416
9.530373809921837E8,14609.0,560425
9.529465928593738E8,14625.0,560545
9.524230577311895E8,14625.0,560562
9.521129617626351E8,14625.0,560565
9.512316245174209E8,14625.0,560569
9.508973756669097E8,14625.0,560580
9.497105041076686E8,14625.0,560584
9.491007765606967E8,14625.0,560589
9.489632800971466E8,14625.0,560619
9.448514333424352E8,14625.0,560623
9.436136519580066E8,14625.0,560629
9.433548322316481E8,14625.0,560636
9.393910610099967E8,14625.0,560644
9.388236636663654E8,14625.0,560759
9.386934855653099E8,14640.0,561335
9.37757440686748E8,14640.0,561363
9.37698183725146E8,14640.0,561369
9.368927633234794E8,14640.0,561419
9.365318393045628E8,14640.0,561430
9.358147128576677E8,14640.0,561432
9.349170331498406E8,14640.0,561441
9.340238719886959E8,14640.0,561447
9.337397362388586E8,14640.0,561449
9.315851982442026E8,14703.0,564184
9.315526012496846E8,14703.0,564190
9.315364451912074E8,14703.0,564199
9.315340017213466E8,14703.0,564200
9.305530106699855E8,14703.0,564207
9.28402304102571E8,14703.0,564210
9.276081706306194E8,14703.0,564270
9.275393741189278E8,14703.0,564274
9.269223099213471E8,14703.0,564292
9.269102161559383E8,14703.0,564297
9.252997952245433E8,14703.0,564324
9.250997920960143E8,14703.0,564370
9.236726390584271E8,14703.0,564373
9.220022795544126E8,14703.0,564374
9.219893722487984E8,14703.0,564380
9.218682819059658E8,14703.0,564390
9.215359969662199E8,14703.0,564392
9.210077718178821E8,14703.0,564408
9.206111843699741E8,14703.0,564413
9.205650668788064E8,14703.0,564416
9.194245975046623E8,14703.0,564423
9.189468954263375E8,14703.0,564424
9.187278774025209E8,14703.0,564486
9.18717232508404E8,14703.0,564493
9.184495381310458E8,14703.0,564502
9.182025724697127E8,14703.0,564508
9.172865399026787E8,14703.0,564548
9.171983822236907E8,14703.0,564562
9.17095440420843E8,14719.0,564872
9.17057978311291E8,14719.0,564878
9.169051434507716E8,14719.0,564907
9.159649235252639E8,14719.0,564916
9.159519227620155E8,14719.0,564921
9.15301671578699E8,14719.0,564924
9.135221281088476E8,14719.0,564952
9.123137530281408E8,14719.0,564956
9.103051624547181E8,14719.0,564982
9.097992554237597E8,14719.0,565002
9.095491351606389E8,14719.0,565051
9.092750553114824E8,14719.0,565052
9.067339994009774E8,14719.0,565053
9.060797294967942E8,14719.0,565061
9.059814229813681E8,14719.0,565066
9.054429436023768E8,14719.0,565067
9.053177214505715E8,14719.0,565068
9.035651468371068E8,14719.0,565072
9.034681893867972E8,14719.0,565106
9.034236282095864E8,14719.0,565113
9.032523941140492E8,14719.0,565124
8.995928637790139E8,14719.0,565126
8.995082763748983E8,14765.0,567149
8.994593541857635E8,14765.0,567154
8.986333421513005E8,14765.0,567165
8.980347592797431E8,14765.0,567168
8.97133225840424E8,14765.0,567194
8.965908079698478E8,14797.0,568360
8.965528303249838E8,14797.0,568364
8.951659928395543E8,14797.0,568376
8.9483821377983E8,14797.0,568400
8.938418570282114E8,14797.0,568401
8.933473545786154E8,14797.0,568405
8.930761933842847E8,14797.0,568414
8.922614927094724E8,14797.0,568417
8.910369110699131E8,14797.0,568436
8.907957735126107E8,14797.0,568439
8.888977103042004E8,14797.0,568443
8.888211821141701E8,14797.0,568454
8.867270649263778E8,14797.0,568466
8.836201511721334E8,14797.0,568484
8.834449666147211E8,14797.0,568487
8.824208159358478E8,14797.0,568504
8.823270520398188E8,14812.0,569008
8.813837125531304E8,14812.0,569009
8.810073096517951E8,14812.0,569011
8.800627920966041E8,14812.0,569016
8.795660664630077E8,14812.0,569021
8.788944855656426E8,14812.0,569028
8.787414619714226E8,14812.0,569194
8.785768583411973E8,14828.0,569991
8.774195005554677E8,14828.0,570000
8.772508639883901E8,14828.0,570003
8.769440524955559E8,14828.0,570025
8.76510954288367E8,14828.0,570030
8.762643749322001E8,14828.0,570042
8.756961993611194E8,14828.0,570047
8.754645969329556E8,14828.0,570099
8.75084280125691E8,14828.0,570102
8.740479584889573E8,14875.0,571764
8.738508674159243E8,14875.0,571986
8.737604633943729E8,14875.0,572004
8.732417279004079E8,14875.0,572008
8.727564563155165E8,14875.0,572014
8.726599338450967E8,14875.0,572021
8.713870329622813E8,14875.0,572024
8.703903703749818E8,14875.0,572032
8.695958692320379E8,14875.0,572045
8.689288790906415E8,14891.0,572436
8.682440362986829E8,14891.0,572437
8.670702937140336E8,14891.0,572775
8.665555259817097E8,14937.0,574415
8.658907606798848E8,14937.0,574435
8.654151375415974E8,14937.0,574442
8.653126977993399E8,14937.0,574443
8.64938982146474E8,14937.0,574445
8.646196396089529E8,14937.0,574457
8.629308063689961E8,14937.0,574636
8.624339797476542E8,14937.0,574659
8.621288015086647E8,14937.0,574662
8.592067047751224E8,14953.0,575404
8.59188356553941E8,14953.0,575407
8.587035957555563E8,14953.0,575468
8.57577440207723E8,14953.0,575630
8.553090665621789E8,14953.0,575631
8.54026126713986E8,14953.0,575634
8.535057101432724E8,14953.0,575641
8.533366718306849E8,14953.0,575654
8.527545306866016E8,14953.0,575656
8.522112885289973E8,14953.0,575659
8.511025527929271E8,14969.0,575936
8.496506592695445E8,14969.0,575943
8.496323595795468E8,14969.0,575944
8.492009799241041E8,14969.0,575960
8.485821100735544E8,14969.0,575972
8.481476626358315E8,14969.0,575975
8.474948025643733E8,14969.0,575980
8.473258329580381E8,14969.0,576040
8.472792930412087E8,14969.0,576045
8.468894490106804E8,14969.0,576047
8.452571848525146E8,14969.0,576055
8.451150056426016E8,14969.0,576064
8.447160342268441E8,14969.0,576068
8.444881040330591E8,14969.0,576070
8.441442511045028E8,14969.0,576078
8.43628913732119E8,14969.0,576081
8.434634439588137E8,14969.0,576082
8.434211763252348E8,14969.0,576089
8.421634969287832E8,14969.0,576097
8.418670443497881E8,14969.0,576102
8.411489246596142E8,14969.0,576106
8.40666242056346E8,14969.0,576112
8.406126014958085E8,14969.0,576114
8.402101954816171E8,14969.0,576119
8.376574106216773E8,14969.0,576125
8.366257896914773E8,14969.0,576127
8.34825945208301E8,14969.0,576131
8.346201317312249E8,14969.0,576149
8.342620048628103E8,14969.0,576151
8.338696049319357E8,14969.0,576155
8.335135130738916E8,14969.0,576248
8.332502103061805E8,14969.0,576261
8.325767287516532E8,14969.0,576269
8.324014012077074E8,14969.0,576274
8.31659693087313E8,14969.0,576279
8.314206424709796E8,14969.0,576288
8.307458168590872E8,14984.0,576487
8.30534165156827E8,14984.0,576488
8.280552400927892E8,14984.0,576492
8.266734169490418E8,14984.0,576547
8.26374101246016E8,14984.0,576551
8.26308150524004E8,14984.0,576553
8.258871503602126E8,14984.0,576557
8.253522512242959E8,14984.0,576676
8.252555961144323E8,14984.0,576677
8.247161861899312E8,14984.0,576692
8.244474272451389E8,14984.0,576696
8.232183056312237E8,14984.0,576699
8.232149566889226E8,14984.0,576896
8.230865764786035E8,14984.0,576903
8.227624935742377E8,14984.0,576906
8.217911520786104E8,14984.0,576908
8.215225418590105E8,14984.0,576912
8.211392837168758E8,14984.0,576924
8.200262062830558E8,14984.0,576929
8.189432154236717E8,14984.0,576934
8.178834545676029E8,14984.0,576935
8.172500303386985E8,14984.0,576946
8.171337569699751E8,14984.0,576948
8.16778716353444E8,14984.0,576949
8.166321520589179E8,14984.0,576955
8.154230793576651E8,14984.0,576958
8.134088162358434E8,14984.0,576967
8.115257641275295E8,14984.0,576991
8.111078562233427E8,15000.0,577216
8.110719270073485E8,15000.0,577220
8.10517812566308E8,15000.0,577470
8.103420069049517E8,15000.0,577479
8.099552895214057E8,15000.0,577486
8.099024830792649E8,15000.0,577487
8.092570329682859E8,15000.0,577490
8.08531546017068E8,15000.0,577491
8.07698133085784E8,15000.0,577492
8.072236236451173E8,15000.0,577502
8.06919135547972E8,15000.0,577508
8.061077496064734E8,15000.0,577516
8.055433409902333E8,15000.0,577519
8.055086821436902E8,15000.0,577520
8.038814300886003E8,15000.0,577527
8.036530852132384E8,15000.0,577529
8.031748121790764E8,15000.0,577532
8.027061949544241E8,15000.0,577534
8.02692373453185E8,15000.0,577535
8.01915773040351E8,15000.0,577753
8.010534062451845E8,15000.0,577756
8.005623219466673E8,15000.0,577758
7.99520856848545E8,15000.0,577762
7.974217667257897E8,15000.0,577764
7.949519243258767E8,15000.0,577786
7.943240717488705E8,15000.0,577789
7.939793996878021E8,15000.0,577791
7.937844942059411E8,15031.0,578708
7.93680204574073E8,15031.0,578717
7.934958171617123E8,15031.0,578728
7.932669205609916E8,15031.0,578922
7.932282718312064E8,15031.0,578923
7.926532582585804E8,15031.0,578954
7.9152570101445E8,15031.0,578956
7.913375440710934E8,15031.0,578959
7.910894852425231E8,15031.0,578961
7.902206035552455E8,15031.0,578965
7.899424241961663E8,15047.0,579330
7.893363708331095E8,15062.0,580434
7.853559104593921E8,15062.0,580455
7.85158216304248E8,15062.0,580459
7.850137988511724E8,15078.0,580853
7.830216253361098E8,15125.0,583167
7.827980831724946E8,15141.0,583496
7.814746208003803E8,15141.0,583503
7.814409535563303E8,15141.0,583517
7.814314667751988E8,15141.0,583525
7.81324032519931E8,15172.0,584489
7.808707706431191E8,15172.0,584497
7.807762693974198E8,15172.0,584513
7.798909712685411E8,15172.0,584517
7.797495674915951E8,15172.0,584518
7.796915971174172E8,15172.0,584519
7.783463643549377E8,15172.0,584525
7.782586310772059E8,15172.0,584527
7.781927090044031E8,15172.0,584590
7.770381334450678E8,15172.0,584609
7.760446955984386E8,15172.0,584717
7.74806272830515E8,15172.0,584720
7.745428014540612E8,15172.0,584732
7.745053840405734E8,15172.0,584741
7.74145603528949E8,15172.0,584747
7.740570080130035E8,15172.0,584780
7.722991321231068E8,15172.0,584840
7.718216421022036E8,15172.0,584843
7.705077929213411E8,15172.0,584888
7.699602700822746E8,15172.0,584898
7.694232342345169E8,15172.0,584901
7.693503716641833E8,15172.0,584904
7.685965049802728E8,15172.0,584906
7.685865194878591E8,15187.0,585720
7.670371983448569E8,15187.0,585722
7.661452934398077E8,15187.0,585726
7.622681290120672E8,15203.0,586437
7.606257433707725E8,15203.0,586438
7.604197546339248E8,15203.0,586502
7.602927337899039E8,15219.0,587218
7.600796911002274E8,15219.0,587224
7.60030998215338E8,15234.0,587250
7.562411454330372E8,15234.0,587289
7.560428087280015E8,15250.0,588478
7.552888223504218E8,15250.0,588484
7.549156927835432E8,15250.0,588486
7.547350363905383E8,15250.0,588487
7.541134936579933E8,15250.0,588493
7.536199444280347E8,15250.0,588503
7.531007460965943E8,15266.0,588633
7.519227447459611E8,15266.0,588912
7.502837313477018E8,15266.0,589265
7.498048157922403E8,15281.0,589365
7.498015201907731E8,15281.0,589370
7.495590940891682E8,15281.0,589374
7.485066393491312E8,15281.0,589378
7.484841870359063E8,15281.0,589397
7.47859738705704E8,15281.0,589417
7.471187926175959E8,15281.0,589664
7.467801613053836E8,15281.0,589956
7.46773124165727E8,15297.0,590193
7.459268251142342E8,15297.0,590209
7.454740987044144E8,15297.0,590217
7.449032485102103E8,15297.0,590223
7.440672203455796E8,15297.0,590236
7.435407112101275E8,15297.0,590248
7.430925646558293E8,15297.0,590251
7.427767623602319E8,15297.0,590298
7.426188612389196E8,15297.0,590302
7.42345425809096E8,15312.0,591193
7.379834092115799E8,15312.0,591203
7.376105677195314E8,15359.0,593080
7.369539344578615E8,15359.0,593082
7.36947022719953E8,15359.0,593087
7.33247154606402E8,15359.0,593088
7.328912880154873E8,15359.0,593089
7.32440992548007E8,15359.0,593090
7.323638298958517E8,15359.0,593112
7.315982357544188E8,15359.0,593118
7.313555471878719E8,15359.0,593241
7.309877471172224E8,15359.0,593263
7.296581678794609E8,15359.0,593273
7.295329329019701E8,15359.0,593283
7.294681802706026E8,15359.0,593301
7.292589648177267E8,15375.0,593380
7.286508438704834E8,15375.0,593388
7.252201846784474E8,15375.0,593390
7.251332422179686E8,15375.0,593392
7.250696158458833E8,15375.0,593405
7.246358922174964E8,15391.0,594185
7.24262861907326E8,15406.0,594885
7.228841065143416E8,15406.0,594889
7.22614270381857E8,15422.0,595620
7.225248457278881E8,15422.0,595624
7.220368333663602E8,15422.0,595630
7.217251678134855E8,15422.0,595632
7.214096593685418E8,15422.0,595634
7.213253185247167E8,15422.0,595639
7.20550742776956E8,15422.0,595641
7.201459572185335E8,15422.0,595647
7.199849622988002E8,15422.0,595661
7.195910920513437E8,15422.0,595794
7.195091342627537E8,15422.0,595813
7.187515273866848E8,15422.0,595819
7.187078725735584E8,15422.0,595820
7.186207528440512E8,15422.0,595822
7.182690334680936E8,15422.0,595829
7.18154057174612E8,15437.0,596396
7.177784193420296E8,15437.0,596397
7.176174625673199E8,15437.0,596413
7.160200817057968E8,15437.0,596414
7.15995999509476E8,15437.0,596450
7.158140323922968E8,15437.0,596554
7.156315066290113E8,15437.0,596580
7.15355074129403E8,15437.0,596655
7.149929337810714E8,15453.0,596837
7.149176415209221E8,15453.0,597091
7.149062971842543E8,15453.0,597099
7.144277212123522E8,15453.0,597106
7.123728939238955E8,15453.0,597108
7.113271741989757E8,15453.0,597112
7.111819098763307E8,15453.0,597120
7.109760685579704E8,15453.0,597121
7.107495525131469E8,15453.0,597123
7.100990105767679E8,15453.0,597124
7.090333631036415E8,15453.0,597133
7.090170227155769E8,15453.0,597145
7.08691261327812E8,15453.0,597149
7.086667801986611E8,15453.0,597185
7.080901072514492E8,15453.0,597200
7.067569945581266E8,15453.0,597207
7.061658146971323E8,15453.0,597235
7.060528686183174E8,15453.0,597261
7.059410244774668E8,15453.0,597262
7.058278576926562E8,15453.0,597263
7.04994040936132E8,15453.0,597290
7.036187326521125E8,15453.0,597299
7.028527162510343E8,15453.0,597301
7.017635369631331E8,15453.0,597303
7.016178445954404E8,15453.0,597309
7.012346709412887E8,15469.0,598174
7.01095680784375E8,15469.0,598195
7.00583040262315E8,15500.0,599101
6.998895087645614E8,15500.0,599112
6.98991953539469E8,15500.0,599133
6.988162346465178E8,15500.0,599145
6.9876474895714E8,15500.0,599147
6.985750109286487E8,15500.0,599152
6.978959539505155E8,15500.0,599165
6.974708805759661E8,15500.0,599290
6.972533380141582E8,15500.0,599291
6.972248919620955E8,15500.0,599292
6.966422927422948E8,15500.0,599294
6.952933666508225E8,15500.0,599295
6.950714906995864E8,15500.0,599297
6.950544948261435E8,15500.0,599298
6.940648025159672E8,15500.0,599304
6.933922013242425E8,15500.0,599308
6.932626119130805E8,15500.0,599316
6.931295135874169E8,15500.0,599319
6.928612497090144E8,15500.0,599323
6.927508491807108E8,15500.0,599336
6.92559237495715E8,15500.0,599538
6.92199342834258E8,15500.0,599542
6.911343799955363E8,15516.0,599605
6.906080782719905E8,15516.0,599606
6.902957337349019E8,15516.0,599615
6.899378568671696E8,15516.0,599641
6.893840078979244E8,15516.0,599698
6.872360603352163E8,15516.0,599703
6.869707426491556E8,15516.0,599707
6.869291837666626E8,15516.0,599711
6.863839817267439E8,15516.0,599714
6.846203471663325E8,15516.0,599720
6.83260668703093E8,15516.0,599730
6.832099688860228E8,15516.0,599732
6.829734678210626E8,15516.0,599733
6.829288579396408E8,15516.0,599862
6.82481733376597E8,15516.0,599869
6.824110918737748E8,15516.0,599875
6.821458360422605E8,15516.0,599885
6.820701237683644E8,15516.0,599889
6.818673625762646E8,15516.0,599929
6.817003280386112E8,15516.0,599931
6.809738893509412E8,15516.0,599935
6.806972524510689E8,15516.0,599950
6.806464339338515E8,15516.0,600093
6.798485917794169E8,15516.0,600112
6.794178427309816E8,15516.0,600147
6.78872897356009E8,15516.0,600273
6.785557604283593E8,15531.0,600289
6.783096210216732E8,15531.0,600426
6.780581339833219E8,15531.0,600432
6.77659906895605E8,15531.0,600437
6.765075183165278E8,15531.0,600439
6.762733292453443E8,15531.0,600463
6.756677963840137E8,15531.0,600475
6.756149568649132E8,15531.0,600476
6.755824652806939E8,15531.0,600504
6.754427708675547E8,15531.0,600506
6.753136696955421E8,15531.0,600767
6.750592018729122E8,15531.0,600771
6.749595136212518E8,15531.0,600809
6.747898760297185E8,15547.0,601439
6.734965622575715E8,15547.0,601443
6.733222310557187E8,15547.0,601450
6.716666118002601E8,15547.0,601454
6.712495121864988E8,15547.0,601476
6.710686288321097E8,15547.0,601480
6.705769372908682E8,15547.0,601486
6.704161909423769E8,15547.0,601496
6.700741572424264E8,15547.0,601510
6.6961919880774E8,15547.0,601514
6.669407319701014E8,15547.0,601603
6.66685699597467E8,15562.0,601746
6.659681930252858E8,15812.0,612699
6.658112406609067E8,15812.0,612704
6.656160495932214E8,15812.0,612710
6.647166711937923E8,15812.0,612715
6.643983349240658E8,15812.0,612721
6.643058681153594E8,15812.0,612745
6.642400959357909E8,15812.0,612746
6.641882446678252E8,15812.0,612771
6.636716691727312E8,15812.0,612800
6.625269107247449E8,15812.0,612815
6.620734415751473E8,15812.0,612816
6.618570735557128E8,15812.0,612823
6.617161652993776E8,15875.0,615553
6.607791470997196E8,15875.0,615554
6.607689956205562E8,15875.0,615979
6.599260207178227E8,15875.0,615990
6.599148586635603E8,15875.0,616015
6.596798746457831E8,15891.0,616139
6.596304903194487E8,15891.0,616150
6.581731185768242E8,15891.0,616157
6.57322250553321E8,15891.0,616191
6.564226575046384E8,15891.0,616196
6.54932179251165E8,15891.0,616209
6.547957947700411E8,15891.0,616225
6.546812426914463E8,15891.0,616226
6.543854910814213E8,15891.0,616230
6.54084647503502E8,15953.0,619062
6.537456426481221E8,15953.0,619064
6.514117328926709E8,15953.0,619079
6.51272661685527E8,15953.0,619100
6.512715278650215E8,15953.0,619109
6.497745437260923E8,15953.0,619126
6.495503214065135E8,15953.0,619329
6.48268028470964E8,15953.0,619346
6.47905578679717E8,15953.0,619436
6.478524831559184E8,15953.0,619480
6.468365181383785E8,15953.0,619482
6.463417247969E8,15969.0,619865
6.459096058638811E8,15969.0,619887
6.45475984261839E8,15969.0,619907
6.447759337992474E8,15969.0,619916
6.447630180284969E8,15969.0,619923
6.447400259335248E8,15969.0,619926
6.44663236651435E8,15969.0,619950
6.444913304117967E8,15969.0,619960
6.442517897636425E8,15969.0,619975
6.43937864484152E8,15969.0,620016
6.429642892685133E8,15969.0,620061
6.423782209144855E8,15969.0,620071
6.420600838386538E8,15969.0,620073
6.414800722071105E8,15969.0,620077
6.414248470801029E8,15984.0,620256
6.414224310308926E8,15984.0,620258
6.412244225349302E8,15984.0,620259
6.411951373065444E8,15984.0,620446
6.407891688889729E8,15984.0,620474
6.407264773342643E8,15984.0,620550
6.403297480586239E8,15984.0,620558
6.392287607494984E8,15984.0,620615
6.392031175893075E8,15984.0,620624
6.391419304401768E8,15984.0,620628
6.389711088388048E8,15984.0,620781
6.386964151162777E8,15984.0,620783
6.382200696456507E8,15984.0,620793
6.381189581593671E8,15984.0,620794
6.375225433618599E8,15984.0,620799
6.374770054480755E8,15984.0,620804
6.372506771283958E8,15984.0,620873
6.371865485410532E8,16000.0,620963
6.369868003933531E8,16000.0,620964
6.362740684878355E8,16000.0,620978
6.332612157725877E8,16000.0,620993
6.330034826685549E8,16000.0,621001
6.328542495591288E8,16000.0,621003
6.328103469047563E8,16000.0,621011
6.310653543434192E8,16000.0,621012
6.309632566879021E8,16000.0,621017
6.305268665845398E8,16000.0,621021
6.300810157493091E8,16000.0,621022
6.296374683262126E8,16000.0,621511
6.29434967722616E8,16000.0,621526
6.292548327775891E8,16000.0,621596
6.29245863848568E8,16000.0,621597
6.287519428546947E8,16062.0,624201
6.283070985951334E8,16062.0,624208
6.282350680833753E8,16062.0,624211
6.276348569161425E8,16062.0,624223
6.276025904379144E8,16062.0,624230
6.272764557611048E8,16062.0,624238
6.263248031602073E8,16078.0,624377
6.261915166032281E8,16078.0,624381
6.259222784973122E8,16078.0,624564
6.25474984527919E8,16078.0,624569
6.254198302860183E8,16078.0,624571
6.250589509075245E8,16078.0,624582
6.247163511913972E8,16078.0,624587
6.24177246853531E8,16078.0,625047
6.239477878633687E8,16094.0,625054
6.239005331117333E8,16094.0,625074
6.23786255013728E8,16094.0,625188
6.232482249757383E8,16094.0,625208
6.227558791176317E8,16094.0,625235
6.227108293881435E8,16094.0,625249
6.22619029463301E8,16094.0,625260
6.222417727692273E8,16094.0,625282
6.21790752800674E8,16094.0,625302
6.214088278715243E8,16094.0,625303
6.210586602497795E8,16094.0,625391
6.210306343359243E8,16094.0,625404
6.207897108004849E8,16094.0,625441
6.199712100737861E8,16094.0,625445
6.193261761649446E8,16094.0,625446
6.191815342421196E8,16094.0,625452
6.187699022361983E8,16094.0,625458
6.187051426939032E8,16094.0,625514
6.186105071842875E8,16094.0,625524
6.171147253338355E8,16094.0,625531
6.165808380588127E8,16094.0,625540
6.165417947992233E8,16094.0,625550
6.160065906962703E8,16094.0,625555
6.157906546270167E8,16094.0,625557
6.153652220804957E8,16094.0,625650
6.150618209101837E8,16094.0,625656
6.147290218335526E8,16094.0,625662
6.146578822751424E8,16094.0,625663
6.144619355650547E8,16094.0,625665
6.142417117872453E8,16094.0,625722
6.140619942607461E8,16094.0,625740
6.137686727515033E8,16141.0,627184
6.130433197984301E8,16141.0,627192
6.129861346044794E8,16141.0,627219
6.126858018285313E8,16141.0,627228
6.126742368022642E8,16141.0,627229
6.126601454677348E8,16141.0,627230
6.124075511505406E8,16141.0,627239
6.122030083455975E8,16141.0,627243
6.119257720366579E8,16141.0,627248
6.118457383368144E8,16141.0,627250
6.104699754178276E8,16141.0,627261
6.086700002741631E8,16141.0,627282
6.078973184804147E8,16141.0,627283
6.073040156669948E8,16141.0,627359
6.071784769352268E8,16141.0,627374
6.068277519633209E8,16141.0,627403
6.066468195037725E8,16141.0,627405
6.065450951760775E8,16141.0,627412
6.064031786251708E8,16141.0,627430
6.063141156509225E8,16141.0,627431
6.06259642303265E8,16141.0,627434
6.053441329408584E8,16141.0,627441
6.045290888434486E8,16141.0,627450
6.042924587040875E8,16188.0,629276
6.039888659979707E8,16188.0,629278
6.039253063653351E8,16188.0,629295
6.038203134154884E8,16188.0,629402
6.033206150826069E8,16188.0,629411
6.03090338761455E8,16188.0,629419
6.023844649698038E8,16188.0,629425
6.023293594488771E8,16188.0,629426
6.016964430182204E8,16188.0,629444
6.006184327081504E8,16188.0,629453
6.005053944918301E8,16188.0,629454
6.004747103771595E8,16188.0,629456
5.998434757062793E8,16188.0,629457
5.997605899002266E8,16188.0,629491
5.996966021521564E8,16203.0,630183
5.989634700909767E8,16203.0,630234
5.98831783397932E8,16203.0,630235
5.988057815024664E8,16203.0,630237
5.987834460054119E8,16203.0,630396
5.987112351962413E8,16203.0,630397
5.984902114606379E8,16203.0,630402
5.97865048608504E8,16203.0,630416
5.97860353222687E8,16203.0,630430
5.97271927974166E8,16203.0,630431
5.965037501369907E8,16203.0,630438
5.963889195397727E8,16203.0,630462
5.958340123328185E8,16203.0,630463
5.954364466661742E8,16203.0,630465
5.95333807658924E8,16203.0,630474
5.946424315395582E8,16203.0,630497
5.926615868854793E8,16203.0,630503
5.922723554034636E8,16203.0,630525
5.91884667776305E8,16203.0,630527
5.91604397391937E8,16203.0,630529
5.913523179906857E8,16203.0,630539
5.907614628445139E8,16219.0,630927
5.906797841015041E8,16219.0,630932
5.904895431514238E8,16219.0,630934
5.893802065781376E8,16219.0,630935
5.892273485947224E8,16219.0,630939
5.886822296002047E8,16219.0,630944
5.885040464136944E8,16219.0,630945
5.881111062676668E8,16219.0,630971
5.879136679264944E8,16219.0,631028
5.878076635459653E8,16219.0,631034
5.877570052773919E8,16219.0,631059
5.876741164849232E8,16219.0,631062
5.872042146597464E8,16219.0,631092
5.867214480510887E8,16219.0,631146
5.86628856143101E8,16219.0,631148
5.86575491648087E8,16219.0,631175
5.865640975805367E8,16219.0,631178
5.862982426670245E8,16250.0,631914
5.856667403515733E8,16250.0,631917
5.853411068010296E8,16250.0,631945
5.84104082396727E8,16250.0,631946
5.840627113782198E8,16250.0,631950
5.840359058177505E8,16250.0,631963
5.838878740846092E8,16250.0,631986
5.834530408561121E8,16250.0,631989
5.828441420774579E8,16250.0,631995
5.822686995131009E8,16250.0,632004
5.822667807753322E8,16250.0,632016
5.812585421819284E8,16250.0,632025
5.80459877939973E8,16250.0,632077
5.801033526244689E8,16250.0,632094
5.799113386288097E8,16250.0,632098
5.79305481419979E8,16250.0,632105
5.785781337376294E8,16250.0,632202
5.779741241779177E8,16250.0,632206
5.775998914559146E8,16250.0,632219
5.775805349147836E8,16250.0,632230
5.770929826282219E8,16250.0,632286
5.767182787931273E8,16250.0,632293
5.755771376517292E8,16281.0,633852
5.752995421887028E8,16281.0,633866
5.748775176645962E8,16281.0,633867
5.748757019091222E8,16281.0,633868
5.742788842985E8,16297.0,634321
5.738577782785457E8,16297.0,634326
5.737870246936758E8,16297.0,634479
5.73521116610486E8,16297.0,634512
5.733341294233139E8,16297.0,634514
5.732986391162639E8,16297.0,634586
5.728697224431942E8,16313.0,634625
5.727589566440111E8,16328.0,635843
5.727503643034497E8,16328.0,635852
5.723423874586818E8,16328.0,635870
5.721272520291371E8,16328.0,635887
5.718004809850795E8,16328.0,635898
5.712453060884001E8,16344.0,635939
5.712330819020556E8,16344.0,636021
5.710019450181234E8,16344.0,636244
5.709054587983227E8,16344.0,636341
5.708691639098417E8,16344.0,636425
5.708634364448279E8,16344.0,636430
5.706968376898181E8,16344.0,636435
5.704806633865206E8,16344.0,636443
5.703139915459398E8,16344.0,636477
5.702711951038821E8,16344.0,636480
5.690484517881709E8,16344.0,636492
5.68342627744325E8,16344.0,636494
5.679616388516161E8,16344.0,636495
5.67881096969818E8,16344.0,636496
5.677990642766107E8,16344.0,636506
5.676267348029253E8,16344.0,636507
5.675507226474549E8,16344.0,636515
5.675138265969723E8,16344.0,636525
5.66773712731121E8,16344.0,636543
5.66491317112774E8,16344.0,636549
5.66192217833646E8,16375.0,637357
5.645876727820956E8,16375.0,637360
5.641928599510584E8,16375.0,637367
5.640131400440658E8,16375.0,637390
5.639771950185257E8,16375.0,637394
5.637576538851626E8,16375.0,637396
5.635885657291512E8,16375.0,637437
5.632842955503708E8,16375.0,637449
5.627850432031722E8,16375.0,637450
5.627221980977623E8,16375.0,637468
5.620813323793947E8,16375.0,637482
5.620544388191098E8,16375.0,637487
5.617583071754537E8,16375.0,637506
5.614474831995023E8,16375.0,637532
5.614236778999703E8,16375.0,637540
5.609994924518515E8,16375.0,637558
5.603517078677524E8,16375.0,637677
5.599226541533011E8,16375.0,637678
5.596657850229714E8,16375.0,637689
5.596507453870757E8,16391.0,638097
5.594010023054361E8,16391.0,638128
5.578329001718171E8,16391.0,638129
5.573992636357276E8,16391.0,638136
5.571375100097988E8,16391.0,638149
5.570069319824554E8,16391.0,638150
5.566260704330812E8,16391.0,638178
5.563356026154361E8,16391.0,638190
5.552934851211998E8,16391.0,638196
5.550008606955135E8,16391.0,638219
5.546893267505162E8,16391.0,638274
5.5318317871053E8,16391.0,638320
5.52637897880084E8,16391.0,638446
5.525654099684185E8,16391.0,638465
5.522616619125868E8,16547.0,644354
5.522252664652011E8,16547.0,644355
5.52204448295033E8,16547.0,644360
5.519858182727282E8,16547.0,644366
5.518686859689479E8,16547.0,644410
5.51039504674873E8,16547.0,644423
5.504966878836333E8,16547.0,644491
5.504498790869329E8,16547.0,644493
5.503956028286396E8,16547.0,644508
5.503607334428366E8,16547.0,644512
5.50034085393637E8,16547.0,644550
5.49749489824671E8,16547.0,644562
5.49642531900495E8,16547.0,644686
5.496200696783737E8,16547.0,644688
5.495034586495007E8,16547.0,644695
5.491897440790267E8,16547.0,644716
5.484269579459225E8,16547.0,644728
5.482971299609613E8,16547.0,644733
5.481658481483681E8,16547.0,644739
5.480512195870118E8,16547.0,644747
5.48014634889212E8,16547.0,644749
5.479839555461831E8,16547.0,644795
5.479125260792607E8,16594.0,646357
5.466742110031301E8,16594.0,646370
5.466704596062943E8,16594.0,646393
5.447509629406226E8,16594.0,646398
5.442556641610155E8,16594.0,646443
5.442547436984413E8,16594.0,646628
5.44230590547817E8,16594.0,646629
5.441527169361303E8,16594.0,646635
5.440925149212891E8,16625.0,646715
5.431749146689097E8,16625.0,646719
5.430471199480301E8,16625.0,646732
5.425093706743438E8,16656.0,648439
5.423870533645432E8,16656.0,648459
5.422632658735543E8,16656.0,648465
5.422251964802113E8,16656.0,648470
5.422152950724071E8,16688.0,649591
5.420183890592963E8,16688.0,649609
5.418664665527804E8,16688.0,649615
5.416252826607919E8,16688.0,649654
5.413787339118917E8,16688.0,649673
5.413195672690902E8,16703.0,649717
5.413110522524806E8,16703.0,649743
5.40637629049746E8,16703.0,650110
5.403526530177547E8,16703.0,650117
5.403007175642715E8,16703.0,650120
5.399036225689965E8,16719.0,651042
5.393190800943621E8,16719.0,651044
5.392227681941406E8,16719.0,651059
5.390940760940273E8,16734.0,651078
5.382613929263797E8,16734.0,651088
5.381907823996086E8,16734.0,651093
5.372957466127291E8,16734.0,651349
5.370333702510545E8,16734.0,651352
5.369632541737691E8,16734.0,651361
5.364262307573412E8,16734.0,651399
5.363861942955877E8,16734.0,651444
5.3636645972009367E8,16734.0,651446
5.3605977693428737E8,16734.0,651450
5.3605464694133526E8,16734.0,651451
5.359286164980149E8,16750.0,651812
5.3590195639816815E8,16750.0,651814
5.358669936973647E8,16750.0,651821
5.3569531237212616E8,16750.0,651848
5.3549910732134426E8,16750.0,651876
5.3523692196248627E8,16750.0,651879
5.3522762213566756E8,16750.0,651895
5.348727063876481E8,16750.0,651896
5.3466620584754556E8,16750.0,651901
5.3458718116276044E8,16750.0,651918
5.3432482766477287E8,16750.0,651928
5.34272565585178E8,16750.0,651945
5.342288268816669E8,16750.0,651958
5.3389766975541115E8,16750.0,651960
5.338631319178982E8,16750.0,651967
5.3289559355109614E8,16750.0,651992
5.3191952763697714E8,16750.0,652010
5.3186059672728497E8,16750.0,652082
5.316138016146643E8,16750.0,652170
5.315344367900464E8,16750.0,652192
5.3130520087451035E8,16750.0,652207
5.3125824319275784E8,16750.0,652209
5.3117020687232715E8,16750.0,652211
5.304358912675351E8,16750.0,652216
5.303290474258499E8,16750.0,652231
5.299524299748711E8,16750.0,652260
5.2963395506839854E8,16750.0,652277
5.2944965306261855E8,16750.0,652289
5.29012700244624E8,16750.0,652383
5.2900681863220185E8,16766.0,652393
5.2859896984947807E8,16766.0,652402
5.2767000748355824E8,16766.0,652771
5.27669942841884E8,16766.0,652781
5.275459737404404E8,16766.0,652787
5.273887956871052E8,16766.0,652788
5.272992471791866E8,16766.0,652794
5.270646214281999E8,16766.0,652830
5.265738152904954E8,16766.0,652831
5.2565440870262796E8,16781.0,653103
5.2546199955469626E8,16781.0,653108
5.254111182659679E8,16781.0,653113
5.251610950681836E8,16781.0,653145
5.248850834340499E8,16781.0,653164
5.246562090166621E8,16781.0,653166
5.243939250442015E8,16781.0,653288
5.241628619540415E8,16797.0,654157
5.23922889644304E8,16797.0,654268
5.239195424210792E8,16797.0,654295
5.238977830065704E8,16797.0,654302
5.236209212247724E8,16797.0,654309
5.2361280393488115E8,16797.0,654319
5.2348346579277116E8,16797.0,654330
5.233310313561064E8,16797.0,654345
5.2276584905434895E8,16797.0,654348
5.227352044777829E8,16797.0,654374
5.2265498241960615E8,16797.0,654381
5.226273295244462E8,16797.0,654382
5.2224514635911596E8,16813.0,654396
5.2171768770527446E8,16813.0,654431
5.216893645022774E8,16813.0,654463
5.216598662841027E8,16813.0,654492
5.21480340125785E8,16813.0,654494
5.211761070497155E8,16813.0,654495
5.1967810390050125E8,16891.0,658363
5.1962928050461847E8,16891.0,658400
5.1938623185676855E8,16906.0,658544
5.1884369678104264E8,16906.0,658554
5.186990865039487E8,16906.0,658555
5.186963162122365E8,16906.0,658567
5.180374164530504E8,16906.0,658738
5.1789323858925134E8,16922.0,659365
5.173620103843292E8,16922.0,659393
5.170137289731981E8,16922.0,659401
5.164241277341613E8,16922.0,659406
5.1595952425257975E8,16922.0,659407
5.1532540337161094E8,16922.0,659412
5.1531303078866273E8,16922.0,659421
5.1529581882329947E8,16922.0,659428
5.152783336750428E8,16922.0,659435
5.1477523036947584E8,16922.0,659444
5.146009696864724E8,16922.0,659446
5.140952570972119E8,16938.0,659809
5.14038198322061E8,16938.0,659819
5.137432309470142E8,16938.0,659822
5.134787026168085E8,16938.0,659832
5.129658460621742E8,16938.0,659853
5.129487815131103E8,16938.0,659886
5.126666169552318E8,16938.0,659888
5.1259095728487295E8,16938.0,659889
5.122467913734715E8,16938.0,659898
5.1209519947056025E8,16938.0,659918
5.1193721298503876E8,16938.0,659922
5.11914911289645E8,16938.0,659945
5.1049845569600487E8,16938.0,659973
5.1002088325590944E8,16938.0,659981
5.099527892642252E8,16953.0,660909
5.0977913048627394E8,16953.0,660914
5.0974714566036785E8,16953.0,660959
5.095597373131285E8,16953.0,660970
5.095416629552955E8,16953.0,660977
5.087293256795607E8,16953.0,661031
5.084579058188575E8,16953.0,661032
5.082582475406881E8,16953.0,661035
5.0811433677290416E8,16953.0,661041
5.0763992598765934E8,16953.0,661045
5.071984171166946E8,16953.0,661051
5.0640629479847664E8,16953.0,661066
5.060943243112417E8,16953.0,661073
5.060340619246437E8,16953.0,661092
5.058596281028112E8,16953.0,661104
5.051237580779933E8,16969.0,661507
5.050880089092513E8,16969.0,661518
5.050031009746569E8,16969.0,661525
5.047657375866093E8,16969.0,661582
5.042286709501709E8,16969.0,661585
5.041753657446426E8,16969.0,661616
5.0395413711944544E8,16984.0,662147
5.0392147973932904E8,16984.0,662250
5.038724599373415E8,16984.0,662253
5.03420492224387E8,16984.0,662263
5.029003457555352E8,16984.0,662270
5.026576293383754E8,16984.0,662275
5.0195790488901764E8,16984.0,662283
5.01645820823638E8,16984.0,662293
5.004723418522463E8,16984.0,662328
5.0015581299347985E8,16984.0,662338
5.001553981511514E8,16984.0,662341
5.000887841490543E8,16984.0,662353
4.994755454678556E8,16984.0,662386
4.9908928781408846E8,16984.0,662399
4.983111821935772E8,16984.0,662419
4.983104818518081E8,16984.0,662429
4.974265990859932E8,17000.0,662593
4.9736992002544874E8,17000.0,662624
4.971751331666066E8,17000.0,662757
4.9707853848546326E8,17000.0,662777
4.970130045192183E8,17000.0,662782
4.9672927631091195E8,17016.0,663456
4.96231071662043E8,17016.0,663540
4.9620181856831455E8,17016.0,663544
4.9587033052563614E8,17016.0,663572
4.955123153460332E8,17047.0,664751
4.952901761918598E8,17047.0,664755
4.947618540125456E8,17047.0,664789
4.9472327822716177E8,17047.0,664790
4.9440692391272277E8,17047.0,664798
4.9385492707115555E8,17047.0,664873
4.9379289220562536E8,17047.0,664876
4.935002125076154E8,17047.0,664913
4.932528442810722E8,17047.0,664923
4.92632966942228E8,17047.0,664950
4.925877147710994E8,17047.0,664969
4.924187012881583E8,17047.0,664975
4.9226351978504264E8,17047.0,665014
4.9192907415706617E8,17047.0,665015
4.9154300464080065E8,17047.0,665016
4.9141361788723105E8,17047.0,665027
4.904504850686525E8,17047.0,665029
4.902686143066761E8,17047.0,665044
4.902316850624654E8,17047.0,665045
4.900553505339164E8,17047.0,665077
4.89822069004129E8,17047.0,665107
4.897457849787616E8,17047.0,665121
4.8966541794013035E8,17063.0,665199
4.890802601524506E8,17063.0,665232
4.881462038476555E8,17063.0,665241
4.880454874982194E8,17063.0,665254
4.8782168770636404E8,17063.0,665269
4.874554462049609E8,17063.0,665276
4.8725285815478855E8,17063.0,665277
4.870114870196176E8,17063.0,665291
4.8696650760200274E8,17063.0,665597
4.862822169799933E8,17063.0,665662
4.8576176086465997E8,17063.0,665680
4.8575918662638444E8,17063.0,665697
4.855382771520047E8,17063.0,665709
4.8492734301647663E8,17078.0,665886
4.8485971049836236E8,17078.0,665888
4.846961489340334E8,17078.0,666020
4.846261780994234E8,17078.0,666140
4.836859996540926E8,17078.0,666154
4.8322664770783836E8,17078.0,666155
4.8292050661605346E8,17078.0,666241
4.8289672308947784E8,17078.0,666271
4.828505817894632E8,17078.0,666295
4.8259899537534255E8,17078.0,666297
4.8236017958043176E8,17078.0,666299
4.8223057185680574E8,17078.0,666319
4.8216560052028936E8,17078.0,666333
4.821476221194318E8,17078.0,666336
4.821058369024994E8,17078.0,666361
4.816845282575745E8,17078.0,666371
4.816754124353515E8,17078.0,666373
4.811393565158551E8,17078.0,666385
4.811179580850724E8,17078.0,666410
4.8065461145580757E8,17078.0,666414
4.803369402209009E8,17078.0,666421
4.803175573909551E8,17078.0,666425
4.8006415043211776E8,17078.0,666459
4.7989710974975866E8,17078.0,666462
4.797991868320047E8,17078.0,666467
4.7955446192350477E8,17078.0,666478
4.795008478240816E8,17125.0,668091
4.794273080962159E8,17141.0,668536
4.7938674546899915E8,17141.0,668548
4.793722965765346E8,17141.0,668550
4.7815265106124455E8,17141.0,668564
4.7811987356551117E8,17141.0,668580
4.7722268856210315E8,17141.0,668680
4.769887866589749E8,17141.0,668769
4.7687951905011576E8,17141.0,668773
4.7670749658124846E8,17141.0,668801
4.759922008198661E8,17141.0,668928
4.7543050763059807E8,17141.0,668932
4.748785124943029E8,17141.0,668946
4.7479829447509724E8,17141.0,668962
4.746178048254254E8,17141.0,668968
4.7447841746895397E8,17141.0,668977
4.7438621558943754E8,17141.0,669016
4.7435911175142604E8,17141.0,669042
4.7433874613347334E8,17141.0,669083
4.742939247885279E8,17141.0,669085
4.7393533133595103E8,17141.0,669088
4.7384580364435464E8,17156.0,669208
4.7313422238397264E8,17156.0,669209
4.730210630838381E8,17172.0,670121
4.728729250538395E8,17172.0,670187
4.721420279582955E8,17172.0,670348
4.7185523620094275E8,17172.0,670359
4.7156957489005935E8,17172.0,670362
4.710761774715145E8,17172.0,670366
4.709359123969975E8,17172.0,670376
4.6962609859379137E8,17172.0,670399
4.695302636519118E8,17172.0,670527
4.6921646265801597E8,17172.0,670540
4.690748658008131E8,17203.0,671608
4.687407402989675E8,17203.0,671612
4.683555955755044E8,17203.0,671615
4.678530606835184E8,17219.0,671766
4.673982202550472E8,17219.0,671834
4.673480735490711E8,17219.0,671840
4.67200076854863E8,17219.0,672122
4.6713258303785616E8,17219.0,672129
4.6699025679182446E8,17234.0,672795
4.668337548479396E8,17234.0,672823
4.666749969389782E8,17234.0,672830
4.664450400462238E8,17234.0,672848
4.664061860679473E8,17281.0,674866
4.662156472077387E8,17281.0,674869
4.6558643590996104E8,17281.0,674883
4.6531360033340925E8,17281.0,674884
4.6529409299223727E8,17281.0,674893
4.6499720696381086E8,17281.0,674923
4.649895236980373E8,17281.0,674926
4.64938868745761E8,17281.0,674939
4.648584220768361E8,17297.0,675522
4.6478065019398284E8,17297.0,675539
4.6465973150700444E8,17297.0,675541
4.6425836995273703E8,17297.0,675545
4.641301379693619E8,17297.0,675546
4.6324275300231946E8,17297.0,675587
4.631670050315727E8,17297.0,675589
4.630713424951956E8,17297.0,675603
4.626821391401632E8,17297.0,675717
4.626368804547807E8,17297.0,675725
4.6227197441218615E8,17297.0,675726
4.6220409554976916E8,17297.0,675737
4.6178203285290015E8,17297.0,675738
4.6148569075839496E8,17297.0,675756
4.6141107700557035E8,17297.0,675789
4.6134540403844887E8,17297.0,675811
4.6043859940181553E8,17297.0,675814
4.6025766763344944E8,17313.0,676224
4.6015867211298E8,17313.0,676254
4.6007365137572646E8,17313.0,676305
4.598500873226385E8,17313.0,676316
4.596896301079866E8,17313.0,676362
4.5965363562220174E8,17313.0,676429
4.5936207439892733E8,17328.0,676791
4.59314806596104E8,17328.0,676796
4.592418802607179E8,17328.0,676914
4.590296911366744E8,17328.0,676920
4.578667888001015E8,17328.0,676923
4.578368825421727E8,17328.0,676948
4.578150264304819E8,17328.0,676962
4.5669023493753695E8,17328.0,677225
4.555504866439272E8,17328.0,677230
4.554983790988002E8,17328.0,677231
4.554852526648333E8,17328.0,677244
4.5525712250094867E8,17344.0,677601
4.5524386306820166E8,17344.0,677608
4.5520098500062484E8,17344.0,677613
4.550912702109449E8,17344.0,677623
4.549263661095689E8,17360.0,678181
4.548410135148892E8,17360.0,678318
4.5381719516383845E8,17360.0,678341
4.537944876349683E8,17360.0,678346
4.5317764308770597E8,17360.0,678359
4.531549915953995E8,17360.0,678360
4.528703458351993E8,17360.0,678372
4.527551668658923E8,17360.0,678375
4.5212538964004207E8,17360.0,678525
4.5138952950652677E8,17375.0,678797
4.5084140830784065E8,17375.0,678800
4.507988269122628E8,17375.0,678812
4.507266873543135E8,17375.0,678847
4.5070499258168983E8,17375.0,678861
4.506777868187373E8,17375.0,678871
4.5030816289201814E8,17375.0,678922
4.487790323249744E8,17375.0,678929
4.4869862960938275E8,17375.0,678931
4.4856004796961457E8,17375.0,678946
4.4825597607782304E8,17375.0,679308
4.481374234740572E8,17375.0,679310
4.48125200545591E8,17375.0,679329
4.4769634424620444E8,17422.0,681344
4.4769522660604286E8,17422.0,681348
4.476659463459517E8,17422.0,681392
4.475610587061932E8,17438.0,681616
4.4732800371370125E8,17438.0,681662
4.469364558673129E8,17438.0,681717
4.464689298969951E8,17438.0,681718
4.459556463254804E8,17438.0,681725
4.458062021741788E8,17438.0,681741
4.458012955720105E8,17438.0,681749
4.452083418368131E8,17438.0,681787
4.4500646503434145E8,17438.0,681807
4.449163666084737E8,17438.0,681812
4.4491266929144984E8,17438.0,681816
4.448025095363042E8,17438.0,681829
4.446348529474736E8,17438.0,682068
4.444076724824706E8,17438.0,682073
4.440098970124246E8,17438.0,682083
4.4323259392884856E8,17453.0,682321
4.4309315041134495E8,17453.0,682322
4.428719454495995E8,17453.0,682381
4.4282496812164915E8,17453.0,682398
4.4228977927822506E8,17453.0,682421
4.422700165371279E8,17453.0,682470
4.416740298152869E8,17453.0,682523
4.4139227019423616E8,17453.0,682525
4.412671099033866E8,17453.0,682621
4.410190200258322E8,17453.0,682623
4.409642559147852E8,17453.0,682631
4.407947983584568E8,17453.0,682642
4.406710594757193E8,17453.0,682662
4.398226959832491E8,17453.0,682666
4.395168686833762E8,17453.0,682671
4.394271233965166E8,17453.0,682680
4.392787638498698E8,17453.0,682706
4.383547948829766E8,17453.0,682707
4.3808550836577773E8,17469.0,683349
4.375491265664875E8,17469.0,683378
4.375467345193117E8,17469.0,683389
4.3750060722431535E8,17469.0,683403
4.374559606262874E8,17469.0,683511
4.370946582188553E8,17469.0,683516
4.368979869278013E8,17500.0,684250
4.3685736270258117E8,17500.0,684285
4.364674815530671E8,17500.0,684286
4.361938332769706E8,17500.0,684301
4.361141697256849E8,17500.0,684324
4.360686426859505E8,17500.0,684330
4.35712129221081E8,17500.0,684553
4.356042011104996E8,17500.0,684595
4.351440378708833E8,17500.0,684680
4.348694940395697E8,17500.0,684691
4.3458960803583115E8,17516.0,685593
4.342514927760358E8,17516.0,685596
4.3362345454692984E8,17516.0,685618
4.333634325701467E8,17516.0,685625
4.3327389045630646E8,17516.0,685645
4.3311097721668226E8,17516.0,685647
4.328571446709432E8,17531.0,685692
4.327178551730805E8,17531.0,685694
4.322075200736894E8,17531.0,685718
4.320980442480685E8,17531.0,685720
4.319376849405607E8,17531.0,685873
4.31927466158937E8,17531.0,685890
4.3191445142270994E8,17531.0,685912
4.31910428191123E8,17531.0,685964
4.3182447646277267E8,17531.0,685977
4.316045381924248E8,17531.0,685984
4.3154982699526775E8,17531.0,685986
4.315464463758403E8,17531.0,685988
4.3147626207545793E8,17531.0,686013
4.3143585215379685E8,17531.0,686027
4.3091458678495586E8,17531.0,686032
4.308412290027472E8,17531.0,686035
4.307647739019759E8,17531.0,686041
4.307309336410006E8,17531.0,686263
4.304953407573871E8,17531.0,686328
4.3034449308671826E8,17531.0,686334
4.302403400394888E8,17547.0,686839
4.301581200083543E8,17547.0,686847
4.301555844093119E8,17547.0,686849
4.3006194764197665E8,17547.0,686852
4.2988257971467525E8,17547.0,686861
4.297981753023051E8,17563.0,687496
4.297278060858649E8,17641.0,690568
4.294895977025366E8,17641.0,690600
4.292815694965928E8,17641.0,690610
4.2925768788787156E8,17641.0,690615
4.291963378889336E8,17641.0,690634
4.289183867022674E8,17641.0,690709
4.284797167105498E8,17641.0,690732
4.28234633782112E8,17641.0,690747
4.2812403745107543E8,17641.0,690756
4.280548436028244E8,17641.0,690814
4.2802097059691924E8,17641.0,690821
4.27999529848725E8,17688.0,692806
4.279744603300342E8,17688.0,692811
4.2699073366433984E8,17688.0,692826
4.269194449748011E8,17688.0,692905
4.2671503629477996E8,17688.0,692907
4.2644518279025024E8,17688.0,692910
4.2612723345702726E8,17688.0,692922
4.2501000228628623E8,17703.0,692988
4.249710569764224E8,17703.0,692996
4.245505226621819E8,17703.0,693006
4.2449111835298085E8,17703.0,693056
4.241862622357255E8,17703.0,693084
4.2411998667112327E8,17703.0,693417
4.2410163663815624E8,17703.0,693507
4.2391132538592064E8,17735.0,694473
4.239018970189124E8,17735.0,694476
4.2370765250939465E8,17735.0,694478
4.233744802668382E8,17735.0,694480
4.232244015081389E8,17735.0,694487
4.220908410704037E8,17735.0,694553
4.2192855837322026E8,17875.0,700685
4.218871691622251E8,17875.0,700686
4.218004196290345E8,17891.0,701385
4.212942648856967E8,17891.0,701471
4.209867518021971E8,17891.0,701519
4.207434614384497E8,17891.0,701525
4.205685056175238E8,17891.0,701535
4.2055327293638366E8,17891.0,701540
4.201692089938994E8,17891.0,701546
4.200100080984482E8,17891.0,701565
4.199953958829714E8,17938.0,702854
4.1990489169509244E8,17938.0,702857
4.1983099575129515E8,17938.0,702901
4.196888693824544E8,17938.0,702912
4.1955140173513144E8,17938.0,703091
4.194411396507313E8,17938.0,703110
4.1933254112194306E8,17938.0,703160
4.192868342564322E8,17938.0,703172
4.18883623946451E8,17938.0,703199
4.188621426779246E8,17938.0,703237
4.1869683388793904E8,17938.0,703241
4.1862042561798525E8,17953.0,704067
4.1829518489381826E8,17953.0,704112
4.182553456700608E8,17953.0,704124
4.180674622880805E8,17969.0,704161
4.1804802977547354E8,17969.0,704197
4.179259161467129E8,17969.0,704214
4.1776039359635085E8,17985.0,704985
4.176478346642454E8,17985.0,705001
4.1753161210944396E8,17985.0,705004
4.1738726417293394E8,17985.0,705015
4.158493580330163E8,17985.0,705031
4.158402911587216E8,17985.0,705034
4.1575446715971106E8,17985.0,705040
4.157117440183039E8,17985.0,705043
4.156430326196579E8,17985.0,705077
4.153807109165042E8,17985.0,705092
4.153726191343226E8,17985.0,705122
4.1530578775469154E8,17985.0,705136
4.147793390315291E8,17985.0,705156
4.147730431024419E8,17985.0,705177
4.1459829506833535E8,17985.0,705186
4.143447096462253E8,17985.0,705204
4.143061324025064E8,17985.0,705359
4.1419569411022496E8,17985.0,705385
4.140309471988558E8,17985.0,705386
4.136199661841869E8,17985.0,705397
4.13533936524234E8,17985.0,705398
4.1345484282825255E8,18000.0,705468
4.1330468596881646E8,18000.0,705492
4.1325487291073245E8,18000.0,705498
4.131316295268025E8,18000.0,705499
4.126121689503929E8,18000.0,705510
4.1247038259744895E8,18000.0,705515
4.122779935777105E8,18000.0,705977
4.122198301085068E8,18000.0,705982
4.121102353056129E8,18000.0,706026
4.1206234082118964E8,18000.0,706030
4.120590576190443E8,18000.0,706043
4.1185188589860487E8,18000.0,706046
4.1183664454899806E8,18031.0,706937
4.1153526903071624E8,18031.0,706968
4.113656538137082E8,18031.0,706970
4.113118633517113E8,18031.0,706987
4.110849104496326E8,18031.0,707065
4.101940655691624E8,18031.0,707067
4.0997661886519057E8,18031.0,707068
4.096524232255166E8,18031.0,707074
4.093519702794369E8,18031.0,707075
4.090612235791609E8,18031.0,707141
4.090365574215803E8,18031.0,707350
4.0881464162790483E8,18031.0,707372
4.085105580629038E8,18031.0,707388
4.080563393025734E8,18031.0,707390
4.0751102273835063E8,18031.0,707393
4.074970905157858E8,18047.0,707435
4.073918656670288E8,18047.0,707571
4.072344613171064E8,18047.0,707590
4.071574879746789E8,18047.0,707632
4.070572830829193E8,18047.0,707633
4.069351505215981E8,18047.0,707634
4.0592557741230786E8,18047.0,707699
4.058770060210165E8,18047.0,707705
4.0571209841689676E8,18047.0,707709
4.05631252521437E8,18047.0,707732
4.0548609329845744E8,18047.0,707734
4.052031004902885E8,18063.0,708187
4.0514850074413824E8,18063.0,708220
4.049423215346799E8,18063.0,708661
4.046220270627513E8,18063.0,708669
4.042388826337629E8,18078.0,708752
4.04112350374652E8,18078.0,708762
4.0376890463604164E8,18078.0,708783
4.0367886056525564E8,18078.0,708786
4.036562719595902E8,18078.0,708877
4.0337365628479624E8,18078.0,708879
4.031237338668283E8,18078.0,709018
4.030400765546584E8,18078.0,709023
4.0227216891112185E8,18078.0,709027
4.0224920341200525E8,18078.0,709064
4.022346528283744E8,18078.0,709091
4.021651927522768E8,18078.0,709132
4.0188434931642497E8,18078.0,709224
4.018138093075065E8,18094.0,709594
4.016076727757794E8,18094.0,709618
4.015548149315654E8,18094.0,709620
4.0149728922289634E8,18094.0,709641
4.014916641006584E8,18094.0,709648
4.014074106976013E8,18094.0,709651
4.0127281509500164E8,18156.0,712454
4.0116486112583035E8,18156.0,712468
4.010411197266276E8,18156.0,712469
4.0094157049021673E8,18156.0,712477
4.0090921925256073E8,18156.0,712520
4.008508023469981E8,18156.0,712527
4.0066542485273343E8,18156.0,712539
4.004659015652856E8,18156.0,712547
4.004586891943716E8,18156.0,712562
3.9951788643042105E8,18156.0,712610
3.991416238857484E8,18156.0,712619
3.991282518004513E8,18156.0,712622
3.990536728104173E8,18172.0,712791
3.9899242292244613E8,18172.0,712794
3.989514162836609E8,18172.0,712797
3.9879297894115496E8,18172.0,712799
3.986219972765321E8,18172.0,712880
3.980498517323244E8,18172.0,712887
3.979787609209201E8,18172.0,712921
3.977499656703151E8,18172.0,713143
3.976923069454456E8,18172.0,713153
3.975717013128333E8,18172.0,713188
3.974718577930693E8,18172.0,713189
3.974483986235327E8,18188.0,713354
3.9741899703710556E8,18188.0,713420
3.969913488786592E8,18188.0,713515
3.9691317385211325E8,18219.0,715004
3.968472789974701E8,18219.0,715054
3.968203889843952E8,18219.0,715057
3.9679310038186014E8,18219.0,715061
3.962312295299684E8,18219.0,715077
3.9610761667595637E8,18219.0,715112
3.9604192866818315E8,18235.0,715748
3.958901799554046E8,18235.0,715749
3.958586337095302E8,18235.0,715751
3.958090705597371E8,18235.0,715771
3.957129852927429E8,18235.0,715777
3.9552943251307124E8,18235.0,715778
3.9551988756972474E8,18235.0,715795
3.954534360843621E8,18235.0,715802
3.95340548068614E8,18235.0,715805
3.9521993179826415E8,18235.0,715841
3.946551108353064E8,18235.0,715844
3.945912331803473E8,18235.0,715869
3.9444801359894943E8,18235.0,715884
3.9436325481750596E8,18235.0,715913
3.940885968799955E8,18235.0,715945
3.9406268491187894E8,18235.0,715972
3.940330571545516E8,18235.0,715974
3.940142545553479E8,18235.0,715992
3.9378627249827373E8,18250.0,716033
3.9242329542212874E8,18250.0,716059
3.921998365922151E8,18250.0,716066
3.9217311316247886E8,18250.0,716070
3.920947282308064E8,18250.0,716088
3.919097290217335E8,18250.0,716097
3.918173510733712E8,18250.0,716107
3.912767816762935E8,18250.0,716393
3.9127639923897797E8,18250.0,716403
3.9126858811568946E8,18250.0,716411
3.9106679612867135E8,18250.0,716451
3.909954340497225E8,18250.0,716455
3.9018125742473656E8,18266.0,716931
3.900527489367744E8,18281.0,717723
3.9001680919895285E8,18281.0,717771
3.8953287478457576E8,18281.0,717784
3.894507716149042E8,18281.0,717827
3.8919267201800394E8,18281.0,717829
3.8861814369302195E8,18328.0,720101
3.884677400456432E8,18344.0,720145
3.8825043970697063E8,18344.0,720157
3.8821961025904953E8,18344.0,720211
3.881879442284378E8,18344.0,720226
3.881514753327235E8,18344.0,720246
3.881241673526578E8,18344.0,720260
3.878357367964122E8,18344.0,720269
3.878060994271637E8,18344.0,720324
3.87722822557026E8,18344.0,720335
3.872536854317407E8,18344.0,720487
3.870698525589019E8,18344.0,720495
3.8699670355908215E8,18360.0,720825
3.8687926232893866E8,18360.0,720857
3.8674360665821767E8,18360.0,720889
3.866875647667597E8,18360.0,720902
3.8664416966578287E8,18360.0,720910
3.8629492335730636E8,18360.0,720940
3.8618727562880844E8,18360.0,721074
3.859338390163994E8,18360.0,721082
3.859014473767756E8,18360.0,721089
3.85514040607666E8,18360.0,721102
3.8551057218909657E8,18360.0,721107
3.85425905513735E8,18360.0,721114
3.853049286895629E8,18360.0,721127
3.8529810120411384E8,18360.0,721137
3.852730166939153E8,18360.0,721158
3.848830014952644E8,18360.0,721169
3.8486233676699734E8,18360.0,721193
3.8469061658116E8,18360.0,721199
3.843774597707683E8,18360.0,721203
3.8419971989446926E8,18360.0,721257
3.8388445437630457E8,18360.0,721336
3.838482604630913E8,18360.0,721372
3.837490115998591E8,18360.0,721396
3.836139253349348E8,18360.0,721414
3.835455859338241E8,18360.0,721459
3.832021367946401E8,18360.0,721465
3.83143984715424E8,18360.0,721504
3.8295712562103325E8,18360.0,721508
3.829104982002647E8,18360.0,721510
3.8256259649613875E8,18360.0,721522
3.825396257924344E8,18360.0,721523
3.824727267783087E8,18360.0,721530
3.824318744042114E8,18375.0,721543
3.824206705921108E8,18375.0,721544
3.8238108571832895E8,18375.0,721559
3.809859931229314E8,18375.0,721569
3.8051366211817867E8,18375.0,721595
3.79882810742401E8,18375.0,721690
3.7985210321771955E8,18375.0,721693
3.7984935578961E8,18375.0,721725
3.7964223290829754E8,18375.0,721733
3.7959146971003664E8,18375.0,721763
3.795516623266753E8,18375.0,721781
3.7954085146960247E8,18375.0,721782
3.7944340422666097E8,18375.0,721788
3.792912737528341E8,18375.0,721789
3.7924454978357995E8,18375.0,721829
3.791319190402608E8,18375.0,721851
3.791109765671649E8,18375.0,721864
3.7898771895703983E8,18375.0,721868
3.7880422874190664E8,18375.0,721873
3.786902595318216E8,18453.0,725307
3.78411413763805E8,18453.0,725329
3.782483677718622E8,18453.0,725335
3.7808087006744635E8,18453.0,725338
3.780489409534857E8,18469.0,725856
3.7801480070604855E8,18469.0,725912
3.779245657463594E8,18469.0,725915
3.7771783553169876E8,18469.0,725937
3.774702005228741E8,18469.0,725942
3.773727284314253E8,18469.0,726001
3.772659729544716E8,18469.0,726002
3.771603051112455E8,18469.0,726108
3.771563912760457E8,18469.0,726110
3.7704037519143295E8,18469.0,726122
3.766544628068713E8,18469.0,726126
3.7629328194962585E8,18469.0,726128
3.7578173910522306E8,18469.0,726136
3.757540946994488E8,18469.0,726147
3.756149253666409E8,18469.0,726153
3.756047681369355E8,18469.0,726167
3.753671198321268E8,18469.0,726168
3.7534803198836166E8,18469.0,726191
3.744697760775946E8,18469.0,726200
3.7442296019253343E8,18469.0,726201
3.736735368816475E8,18469.0,726247
3.736339784714328E8,18469.0,726257
3.7358671602650774E8,18469.0,726268
3.734985395082326E8,18469.0,726293
3.7327275632640964E8,18469.0,726340
3.728587348241795E8,18469.0,726371
3.7274910119469583E8,18469.0,726378
3.7269098991566116E8,18469.0,726388
3.725797711429999E8,18485.0,726495
3.723898679988533E8,18485.0,726496
3.7195586396376514E8,18485.0,726498
3.7134719690199983E8,18485.0,726515
3.712997992485776E8,18485.0,726598
3.7115967619352204E8,18500.0,727734
3.711044910238413E8,18500.0,727767
3.7109934349432683E8,18500.0,727771
3.70977815555658E8,18500.0,727781
3.709529379422342E8,18500.0,727795
3.707252042021694E8,18500.0,727803
3.7023932000936943E8,18516.0,727843
3.701869286286907E8,18516.0,727854
3.700585164961567E8,18516.0,728006
3.6988277936996245E8,18516.0,728007
3.697939557433592E8,18516.0,728009
3.696012395824677E8,18516.0,728025
3.6949462647360617E8,18516.0,728453
3.6938379033181906E8,18516.0,728458
3.6932079008505535E8,18516.0,728498
3.685566227371814E8,18531.0,728536
3.685559739521108E8,18531.0,728538
3.683939849376975E8,18531.0,728539
3.6835578709536093E8,18531.0,728638
3.6813250819349706E8,18531.0,728679
3.680011322984042E8,18719.0,736844
3.6797458434214425E8,18719.0,736846
3.676087467905321E8,18719.0,737089
3.6760756040464246E8,18719.0,737098
3.6707919271267974E8,18719.0,737099
3.669437168586129E8,18719.0,737129
3.669110954199642E8,18719.0,737132
3.668107057782979E8,18719.0,737180
3.6672403103350556E8,18719.0,737181
3.6630003059880733E8,18719.0,737190
3.662906791688007E8,18719.0,737191
3.6618815456271756E8,18719.0,737217
3.661186958272253E8,18719.0,737230
3.660297368438437E8,18719.0,737257
3.657807321992358E8,18735.0,737474
3.654584393858229E8,18735.0,737488
3.651373825165768E8,18735.0,737503
3.6504492447803193E8,18735.0,737517
3.6499337362236804E8,18735.0,737528
3.6484399495328474E8,18735.0,737546
3.6481400113187784E8,18735.0,737698
3.6472006724962544E8,18735.0,737803
3.646154239138675E8,18735.0,737838
3.644945068795967E8,18735.0,737843
3.64221960648649E8,18735.0,737891
3.6420199772894764E8,18735.0,737897
3.6416744491555107E8,18750.0,738352
3.6413958873552513E8,18750.0,738374
3.6409036702044404E8,18750.0,738511
3.639223441173626E8,18750.0,738569
3.6384066746643597E8,18750.0,738577
3.638083871022599E8,18750.0,738603
3.63770159263862E8,18750.0,738615
3.637233989387597E8,18766.0,738674
3.634488372714515E8,18766.0,738813
3.633932992657532E8,18766.0,739024
3.6330058501441735E8,18766.0,739307
3.628157766762409E8,18766.0,739314
3.627383678909972E8,18782.0,739382
3.624839876791837E8,18782.0,739420
3.622728941074521E8,18782.0,739529
3.622580703361674E8,18782.0,739822
3.6222960796790516E8,18782.0,739837
3.6209937645325536E8,18844.0,742207
3.620960057403305E8,18844.0,742216
3.6184759634831023E8,18844.0,742224
3.6182361598925364E8,18844.0,742226
3.6175752421351856E8,18844.0,742250
3.615898212220627E8,18844.0,742267
3.615782742611166E8,18844.0,742285
3.6124546245199496E8,18844.0,742289
3.611448376995308E8,18844.0,742298
3.6112158491349995E8,18875.0,743891
3.608015156380294E8,18875.0,743900
3.6069026924034774E8,18875.0,743917
3.606780122881777E8,18875.0,743920
3.605530273677441E8,18875.0,743935
3.603994240634991E8,18907.0,745049
3.60362187767023E8,18907.0,745347
3.602876215808274E8,18907.0,745364
3.602159644179264E8,18907.0,745382
3.6019301560010636E8,18907.0,745391
3.601894282261938E8,18907.0,745411
3.6014781656288594E8,18907.0,745420
3.600751718911354E8,18907.0,745444
3.597581090220786E8,18907.0,745452
3.593026113641011E8,18907.0,745457
3.5910432328637964E8,18922.0,745521
3.588198315300578E8,18922.0,745533
3.588194947512738E8,18922.0,745534
3.587574005172131E8,18922.0,745548
3.587224182079499E8,18922.0,745692
3.586811396283401E8,18922.0,745824
3.586021044643707E8,18922.0,745859
3.5853556032578635E8,18922.0,745983
3.5841552363879937E8,18938.0,746356
3.583220787411769E8,18938.0,746410
3.582986255796725E8,18938.0,746420
3.580233561361227E8,18938.0,746434
3.5784050021139586E8,18938.0,746678
3.5779737702960396E8,18938.0,746803
3.577410799318844E8,18938.0,746820
3.5761390217352074E8,18938.0,746822
3.5758101979575E8,18953.0,746850
3.574798169229865E8,18953.0,746854
3.5746405136694956E8,18953.0,746855
3.5740078743645424E8,18953.0,746860
3.5737945424437064E8,18953.0,746863
3.5713003630534875E8,18953.0,747215
3.570799643175181E8,18953.0,747246
3.5690930153409064E8,18969.0,747811
3.568955400810264E8,18969.0,747952
3.568797225739335E8,18969.0,747964
3.568685317299066E8,18969.0,747965
3.5684268503221613E8,18985.0,748240
3.5671396536119187E8,18985.0,748259
3.5664848315903336E8,18985.0,748273
3.562941381336211E8,18985.0,748312
3.5629360825969255E8,18985.0,748379
3.559047872812239E8,18985.0,748384
3.558321380600414E8,18985.0,748401
3.558261395237978E8,18985.0,748402
3.5580817467824477E8,18985.0,748403
3.5560995835616416E8,18985.0,748449
3.5550643763142365E8,18985.0,748577
3.554686666740971E8,19000.0,749218
3.554254696859862E8,19000.0,749390
3.552200016256397E8,19000.0,749392
3.548530990172168E8,19000.0,749393
3.547517955548746E8,19000.0,749423
3.545780911405747E8,19000.0,749424
3.5446787808406496E8,19000.0,749463
3.5446557973212135E8,19016.0,749547
3.541419010285207E8,19016.0,750016
3.539445105556338E8,19016.0,750037
3.538299540941121E8,19016.0,750102
3.538156675814479E8,19016.0,750104
3.536086220224363E8,19016.0,750123
3.534106841037224E8,19016.0,750166
3.532407951716305E8,19032.0,750361
3.5312676404418284E8,19032.0,750370
3.530640656910037E8,19032.0,750557
3.5301393125087607E8,19032.0,750572
3.5301223909784436E8,19047.0,751025
3.5277751339757943E8,19047.0,751043
3.521504052898947E8,19047.0,751048
3.5204693069717836E8,19047.0,751077
3.5196966980006737E8,19047.0,751087
3.5129268967735094E8,19047.0,751091
3.5106406655945724E8,19047.0,751135
3.5072459355155027E8,19047.0,751150
3.50458352375435E8,19047.0,751241
3.501033461096846E8,19063.0,751959
3.498786187236867E8,19063.0,751972
3.4970667750050515E8,19063.0,751975
3.496103102836237E8,19078.0,752278
3.495395574125966E8,19078.0,752279
3.4939664230105984E8,19078.0,752292
3.492170585989834E8,19078.0,752300
3.490070893985124E8,19078.0,752303
3.489183986614709E8,19078.0,752331
3.487230095616267E8,19078.0,752362
3.486938675951949E8,19078.0,752371
3.485212992523174E8,19078.0,752424
3.484946643480285E8,19078.0,752445
3.4840214643593234E8,19094.0,753045
3.4827027557172215E8,19094.0,753054
3.4789875640811765E8,19094.0,753066
3.4738930803164184E8,19094.0,753174
3.472080036142528E8,19094.0,753222
3.472007062307055E8,19094.0,753223
3.470138828803966E8,19094.0,753227
3.460936768301307E8,19094.0,753401
3.4609346096749336E8,19094.0,753417
3.460396723698253E8,19094.0,753424
3.4593510117424506E8,19110.0,753785
3.4591936878623885E8,19110.0,753802
3.457825287746236E8,19110.0,753803
3.457739989456514E8,19110.0,753837
3.4561375186312765E8,19110.0,753928
3.4544022196708965E8,19110.0,753962
3.454346172964629E8,19110.0,753982
3.4521788048769575E8,19110.0,754058
3.445524715999115E8,19110.0,754122
3.4450296817781436E8,19110.0,754137
3.4440816498391974E8,19125.0,754664
3.443874532242831E8,19125.0,754672
3.44193781329191E8,19125.0,754719
3.441270905127028E8,19125.0,754764
3.440960273219231E8,19125.0,754775
3.439693340302803E8,19125.0,754777
3.4384761016636884E8,19125.0,754785
3.4374267078080004E8,19125.0,754796
3.4336891465759254E8,19125.0,754798
3.432083664582148E8,19125.0,754825
3.4276224710402876E8,19125.0,754826
3.42655288708041E8,19125.0,754852
3.42407910028478E8,19125.0,754861
3.423694558481358E8,19125.0,754867
3.422294190947938E8,19125.0,754884
3.4197907781592387E8,19125.0,754903
3.418133775483338E8,19141.0,754962
3.413965263517501E8,19141.0,754980
3.4137496535324115E8,19141.0,754987
3.413182805532271E8,19188.0,756846
3.411197901276343E8,19188.0,756863
3.410261020139828E8,19188.0,756937
3.409283919630048E8,19188.0,756943
3.40844286533625E8,19188.0,756977
3.407552488485842E8,19188.0,757037
3.4041587084365E8,19188.0,757222
3.4040066842780954E8,19203.0,757270
3.4036891384220994E8,19203.0,757274
3.402085815014693E8,19203.0,757399
3.398038013061756E8,19203.0,757408
3.397269111277812E8,19203.0,757415
3.395326210552513E8,19203.0,757444
3.393717584805031E8,19203.0,757453
3.3927156602300763E8,19203.0,757461
3.3924631366976005E8,19203.0,757462
3.387402309388237E8,19203.0,757598
3.3865087285229474E8,19219.0,758130
3.386356705394495E8,19219.0,758153
3.386118046031347E8,19219.0,758167
3.3848844832851356E8,19219.0,758187
3.384244845167671E8,19219.0,758188
3.3842073683961636E8,19219.0,758191
3.381970960407E8,19219.0,758367
3.3812371406701756E8,19219.0,758379
3.379223368643513E8,19219.0,758412
3.375648811540164E8,19250.0,758927
3.3742478357949376E8,19250.0,758931
3.3740471837571675E8,19266.0,760175
3.371632821011113E8,19266.0,760212
3.3695887301580673E8,19297.0,761150
3.3694728861163074E8,19297.0,761157
3.363549204698505E8,19297.0,761172
3.360734183862942E8,19297.0,761199
3.360233377321181E8,19297.0,761205
3.360094897687158E8,19313.0,762197
3.359859720784206E8,19313.0,762203
3.3591052692409325E8,19313.0,762207
3.3576488874339986E8,19313.0,762222
3.3495203214198387E8,19328.0,762282
3.348772425552527E8,19328.0,762835
3.347034111691715E8,19328.0,762892
3.34540662608544E8,19375.0,764366
3.3450462478485715E8,19375.0,764440
3.344597175936272E8,19375.0,764448
3.344451024221252E8,19375.0,764501
3.343805816398624E8,19375.0,764515
3.343001338531103E8,19375.0,764520
3.342555298561438E8,19375.0,764570
3.342362099075406E8,19375.0,764574
3.339745574588056E8,19375.0,764593
3.336715639258511E8,19375.0,764601
3.335337875389444E8,19375.0,764680
3.33446503271377E8,19391.0,765090
3.333220378302081E8,19391.0,765092
3.331711837417479E8,19391.0,765127
3.330238466179121E8,19391.0,765187
3.329730797149167E8,19391.0,765201
3.3292317280587524E8,19391.0,765204
3.328397808560789E8,19391.0,765219
3.3276669136331004E8,19391.0,765243
3.3270035395601255E8,19407.0,765569
3.3261700686013865E8,19407.0,765635
3.3255810308402383E8,19407.0,765637
3.324034318251165E8,19407.0,765652
3.321716754336558E8,19407.0,765694
3.321312682279212E8,19407.0,765761
3.319560477361574E8,19407.0,765762
3.318579999921268E8,19407.0,765796
3.318008627887366E8,19407.0,765798
3.317959375194037E8,19407.0,765800
3.315749923824379E8,19407.0,765852
3.315177217060832E8,19407.0,765856
3.314972184156401E8,19407.0,765863
3.3131725043462855E8,19407.0,766003
3.3116478097786653E8,19407.0,766004
3.3113175737467915E8,19407.0,766026
3.310227420445884E8,19407.0,766101
3.308451145145895E8,19407.0,766103
3.3079798547602326E8,19407.0,766105
3.3061422488542205E8,19407.0,766168
3.3057425499717236E8,19407.0,766185
3.303923838265682E8,19407.0,766233
3.303109951001152E8,19422.0,766576
3.2998940545566905E8,19453.0,768079
3.299853401545108E8,19453.0,768081
3.299735428005389E8,19453.0,768088
3.298604617069484E8,19469.0,768409
3.29721270356957E8,19469.0,768474
3.296975453466377E8,19469.0,768517
3.29628035470433E8,19469.0,768576
3.296103694662344E8,19469.0,768956
3.295660465480197E8,19485.0,769000
3.291376590211258E8,19485.0,769024
3.2899369167617273E8,19485.0,769025
3.2858511381993985E8,19485.0,769160
3.2851637570196986E8,19485.0,769190
3.2850444538330656E8,19485.0,769395
3.284285995345525E8,19485.0,769513
3.2823339738619447E8,19485.0,769595
3.2814908095785445E8,19485.0,769611
3.281441751182425E8,19485.0,769619
3.279239295653305E8,19500.0,769688
3.276830031003639E8,19500.0,769719
3.2730059526584566E8,19500.0,769726
3.271084866599117E8,19500.0,769736
3.2707637859428716E8,19500.0,769759
3.270756227303748E8,19500.0,770136
3.270397251387609E8,19500.0,770152
3.269815515122655E8,19516.0,770770
3.268754284630212E8,19516.0,770813
3.2683645301285726E8,19516.0,770816
3.262529009469446E8,19516.0,770913
3.2618310658230424E8,19516.0,770917
3.2614984439409316E8,19516.0,770943
3.261428738974987E8,19532.0,771290
3.2602397345774394E8,19532.0,771334
3.260093483077461E8,19532.0,771370
3.2579098359742033E8,19532.0,771417
3.2554317210408837E8,19532.0,771439
3.2554109682392335E8,19532.0,771477
3.2541478678416866E8,19532.0,771489
3.25286258551225E8,19532.0,771495
3.2507874531539524E8,19532.0,771510
3.2466362760419667E8,19532.0,771587
3.246517082912855E8,19532.0,771677
3.243876061305289E8,19547.0,771707
3.242377209334339E8,19547.0,771710
3.238276265044181E8,19547.0,771713
3.236218410969864E8,19547.0,771729
3.236185014766796E8,19547.0,771749
3.2355085814429235E8,19547.0,771768
3.231713854141574E8,19547.0,771989
3.229267512047857E8,19547.0,772098
3.2287388016305566E8,19547.0,772107
3.227847991482984E8,19547.0,772186
3.2273591497467315E8,19547.0,772189
3.227032706631969E8,19547.0,772291
3.2254685579509306E8,19547.0,772292
3.2246559726586694E8,19547.0,772294
3.224061353970247E8,19547.0,772322
3.2223364563524115E8,19563.0,772778
3.22231745084786E8,19563.0,772817
3.22229505292031E8,19563.0,772824
3.2222403353400815E8,19563.0,772945
3.21659888957234E8,19563.0,772960
3.2106867239079815E8,19563.0,772984
3.210177879237754E8,19563.0,773016
3.209030101109682E8,19578.0,773151
3.2087248824848217E8,19578.0,773154
3.208100445573011E8,19578.0,773444
3.2076373004932755E8,19578.0,773445
3.2059282264174676E8,19578.0,773448
3.204544852640872E8,19594.0,773751
3.204250431195609E8,19594.0,773785
3.2032181707421327E8,19594.0,773806
3.202945179697766E8,19594.0,773809
3.2023503983925146E8,19594.0,773818
3.201865200547606E8,19594.0,773821
3.1994026249124384E8,19594.0,773828
3.1974474270514697E8,19594.0,773843
3.1955300395068866E8,19594.0,773848
3.195473917468505E8,19594.0,773972
3.195066270659247E8,19594.0,773987
3.194573671307336E8,19594.0,774004
3.193861958736586E8,19594.0,774028
3.191427290702726E8,19594.0,774156
3.190398686067145E8,19594.0,774183
3.18504381140263E8,19594.0,774337
3.1837725316004795E8,19610.0,774477
3.1836594046452063E8,19610.0,774489
3.183443243967721E8,19610.0,774494
3.1814646602902913E8,19610.0,774504
3.180666065199507E8,19610.0,774507
3.176802690689734E8,19610.0,774552
3.174934297818996E8,19610.0,774569
3.1745637521373177E8,19610.0,774602
3.174314012903904E8,19610.0,774712
3.1741494320551014E8,19610.0,774714
3.174047409752995E8,19610.0,774722
3.172602781524966E8,19610.0,774774
3.1720742518510973E8,19610.0,774826
3.1720695126226103E8,19610.0,774874
3.1716536944665086E8,19625.0,775727
3.1706507511843485E8,19625.0,775744
3.17063954355563E8,19625.0,775802
3.170569584922941E8,19641.0,776100
3.167862911807933E8,19641.0,776109
3.162218224910461E8,19641.0,776251
3.161658505687438E8,19641.0,776252
3.160218390359916E8,19641.0,776270
3.155250527909538E8,19641.0,776273
3.154315716036791E8,19641.0,776280
3.153215323054123E8,19641.0,776281
3.152752618916348E8,19641.0,776284
3.152689158256226E8,19641.0,776322
3.152576460477477E8,19641.0,776347
3.1522340755069673E8,19641.0,776355
3.1513238656826305E8,19641.0,776382
3.1449067804699856E8,19641.0,776420
3.143035961637496E8,19641.0,776452
3.1426263361634004E8,19641.0,776481
3.1425782442630863E8,19641.0,776482
3.141896112688567E8,19641.0,776484
3.1417422889956766E8,19641.0,776547
3.1415523665279436E8,19641.0,776551
3.1407792136413735E8,19641.0,776554
3.1401565887829804E8,19657.0,776573
3.139623139881481E8,19657.0,776662
3.1372976538045144E8,19657.0,776677
3.1369103802807045E8,19657.0,776716
3.136584275129508E8,19657.0,776794
3.1358683326066256E8,19657.0,776799
3.1349260022632885E8,19657.0,776829
3.134641051482331E8,19657.0,776867
3.134286188663356E8,19657.0,776871
3.1337864531440014E8,19657.0,776906
3.131756248115706E8,19657.0,776914
3.1317233628316265E8,19657.0,776926
3.130606888647763E8,19657.0,776966
3.1294920240696406E8,19657.0,776983
3.127738223700002E8,19657.0,777045
3.126364501671996E8,19719.0,779920
3.126000512551134E8,19719.0,779934
3.123493504977672E8,19719.0,779999
3.1214741342848206E8,19719.0,780007
3.121414468707118E8,19735.0,780387
3.119148247982925E8,19735.0,780404
3.118850450529768E8,19735.0,780407
3.118553272966804E8,19735.0,780416
3.118125675843224E8,19735.0,780511
3.1175891653346115E8,19750.0,781047
3.1157858453465307E8,19750.0,781054
3.1156111461107665E8,19766.0,781706
3.113683213417894E8,19766.0,781759
3.112037696325018E8,19766.0,781813
3.111218531156913E8,19766.0,781829
3.105598030970478E8,19766.0,781834
3.105540740155378E8,19766.0,781839
3.104737850734765E8,19766.0,781875
3.104151835356916E8,19766.0,781885
3.102758459840447E8,19766.0,781889
3.101540952869954E8,19782.0,782736
3.101371899239548E8,19782.0,782743
3.100889110205961E8,19782.0,782773
3.0989862310992646E8,19782.0,782807
3.0984871253967786E8,19782.0,782823
3.0968148842635083E8,19782.0,782829
3.096406626798526E8,19782.0,782839
3.095621461536682E8,19797.0,783115
3.095257892814908E8,19797.0,783142
3.0946630480765414E8,19797.0,783151
3.093273161681704E8,19797.0,783177
3.091623439839574E8,19797.0,783229
3.09159763332664E8,19813.0,783564
3.091584957621119E8,19813.0,783585
3.0898264454872483E8,19813.0,783637
3.0881699699759245E8,19813.0,783641
3.0872895571238077E8,19813.0,783661
3.0860767283068174E8,19813.0,783687
3.083132162299739E8,19813.0,783768
3.0813907296475804E8,19813.0,783782
3.079919432944246E8,19813.0,783792
3.079520665619956E8,19813.0,783886
3.078440077577533E8,19813.0,784159
3.078168051834541E8,19813.0,784160
3.077912102294189E8,19813.0,784162
3.0768544169339985E8,19813.0,784175
3.075902366097674E8,19813.0,784178
3.07588028985894E8,19829.0,784214
3.0757335189555866E8,19829.0,784218
3.0737776946545124E8,19829.0,784254
3.073697660751042E8,19829.0,784259
3.0729095651840365E8,19829.0,784266
3.072107355810677E8,19829.0,784315
3.070269841842768E8,19829.0,784398
3.067198362650324E8,19829.0,784825
3.0652307404878473E8,19829.0,784879
3.063574925692688E8,19829.0,784892
3.0582752029724807E8,19844.0,784919
3.0548138747006375E8,19938.0,789330
3.054301681611048E8,19938.0,789470
3.0539150121220547E8,19938.0,789487
3.052867337746527E8,19938.0,789629
3.05235005502148E8,19938.0,789673
3.05184003041844E8,19938.0,789763
3.0516926709890294E8,19954.0,789838
3.051550614854685E8,19954.0,789841
3.0510119253528535E8,19954.0,790291
3.05042436296884E8,19969.0,790495
3.049134263707356E8,19969.0,790796
3.0490701588794416E8,19985.0,791244
3.048611598973913E8,19985.0,791251
3.046933173794976E8,19985.0,791256
3.04458704842002E8,19985.0,791270
3.044394397415317E8,19985.0,791283
3.044061826568513E8,19985.0,791310
3.0431233153484493E8,19985.0,791340
3.042545491376384E8,19985.0,791365
3.0381190267651504E8,19985.0,791423
3.037140981510274E8,19985.0,791503
3.0356812130595165E8,19985.0,791583
3.03565591081916E8,19985.0,791613
3.0340285097190124E8,19985.0,791631
3.0338193806906205E8,19985.0,791738
3.032679106626721E8,19985.0,791742
3.0323176145979375E8,19985.0,791764
3.0286397479807156E8,19985.0,791768
3.0277381904502815E8,19985.0,791836
3.02665672367389E8,20016.0,792553
3.026337037072241E8,20016.0,792565
3.026218445289175E8,20016.0,792636
3.0260894932351273E8,20016.0,792639
3.025978916532636E8,20016.0,792645
3.025791743234451E8,20016.0,792672
3.025131181121311E8,20016.0,792707
3.0248014046962225E8,20016.0,792723
3.0247357163463664E8,20016.0,792776
3.024629367426084E8,20016.0,792777
3.0229644602431554E8,20016.0,792787
3.021634993891262E8,20016.0,792834
3.019883667120517E8,20016.0,792871
3.014968177675011E8,20016.0,792873
3.013574899269285E8,20016.0,792900
3.013259008939042E8,20016.0,792941
3.010212227224052E8,20016.0,792942
3.009889508055063E8,20047.0,794385
3.00801170918308E8,20047.0,794415
3.005097128322112E8,20047.0,794491
3.004913680739426E8,20047.0,794528
3.0042770293191594E8,20063.0,794657
3.004097520312204E8,20063.0,794710
3.003592711657348E8,20063.0,794716
3.003535353915828E8,20063.0,794717
3.002269405105666E8,20063.0,794834
3.001662011736846E8,20063.0,794863
3.001598294273548E8,20063.0,794885
3.000631236885271E8,20094.0,796393
2.999619200953067E8,20094.0,796445
2.998981585224959E8,20094.0,796447
2.9989245951910865E8,20094.0,796514
2.9981612482496333E8,20110.0,796829
2.9980292293623513E8,20110.0,796856
2.997824998859441E8,20110.0,796878
2.9975295689608055E8,20110.0,796898
2.9972713206788266E8,20110.0,796915
2.9962616346362114E8,20110.0,796940
2.995718675994128E8,20110.0,797001
2.993788024480906E8,20110.0,797007
2.992820055338639E8,20125.0,797511
2.992593998080525E8,20141.0,797995
2.989379421289828E8,20141.0,798018
2.9861883662425E8,20141.0,798031
2.9850455546981573E8,20141.0,798041
2.984492825993426E8,20204.0,801069
2.983934234090923E8,20204.0,801091
2.983473772982422E8,20219.0,801709
2.983334992686183E8,20219.0,801793
2.981344980225936E8,20219.0,801847
2.9813286036277646E8,20219.0,801874
2.9811977104087865E8,20235.0,802080
2.979647016982901E8,20235.0,802360
2.97948397135489E8,20235.0,802382
2.977562688023896E8,20235.0,802402
2.974935311586883E8,20235.0,802436
2.973340448004253E8,20235.0,802448
2.9723898534594274E8,20235.0,802454
2.9709002984566015E8,20235.0,802473
2.969435840181972E8,20235.0,802508
2.9687819526435703E8,20235.0,802556
2.9656211757730526E8,20250.0,802928
2.964834252217829E8,20250.0,802950
2.962882597040086E8,20250.0,802972
2.961184285277625E8,20250.0,802977
2.961167741854323E8,20250.0,802984
2.9604726540543413E8,20250.0,802994
2.9593749187688464E8,20250.0,803186
2.958649183751873E8,20250.0,803331
2.9572344305594033E8,20266.0,803364
2.955907337140507E8,20266.0,803368
2.955615974134554E8,20266.0,803430
2.9544915688957775E8,20266.0,803446
2.954481543693262E8,20266.0,803463
2.95437086882706E8,20266.0,803522
2.953966737533688E8,20266.0,803546
2.953952272364973E8,20266.0,803568
2.9531906461571026E8,20266.0,803723
2.950870409213222E8,20266.0,803727
2.9497455445471156E8,20266.0,803764
2.9495331746929467E8,20266.0,803770
2.949512104262582E8,20266.0,803790
2.949284858742662E8,20266.0,803887
2.949126662646496E8,20266.0,803917
2.9488272318094915E8,20266.0,803964
2.9487764863931876E8,20266.0,803981
2.9487619899212974E8,20282.0,804071
2.9468857126794404E8,20282.0,804092
2.945292391095482E8,20282.0,804109
2.941591406089711E8,20282.0,804117
2.940065922557631E8,20282.0,804145
2.9399147264262027E8,20282.0,804146
2.936666522201492E8,20282.0,804152
2.936383050965784E8,20282.0,804156
2.936360466198885E8,20282.0,804169
2.9360395616402876E8,20282.0,804188
2.935631497924561E8,20282.0,804192
2.9355140169657975E8,20282.0,804233
2.934093936432911E8,20282.0,804237
2.933997370891216E8,20282.0,804274
2.9324627946356404E8,20282.0,804288
2.9316872458161956E8,20282.0,804301
2.9300911733851683E8,20282.0,804418
2.930028524935652E8,20282.0,804486
2.927840366566753E8,20282.0,804492
2.9276431122880375E8,20282.0,804501
2.9266879593866915E8,20282.0,804531
2.922762546987172E8,20282.0,804537
2.92099082183691E8,20282.0,804541
2.9191865093765986E8,20282.0,804583
2.915240158005801E8,20282.0,804631
2.914601776814728E8,20282.0,804686
2.9145468933969116E8,20282.0,804694
2.9139203855365413E8,20297.0,804749
2.9125631329701996E8,20297.0,804759
2.911655477648233E8,20297.0,804772
2.9099998405859566E8,20297.0,804800
2.909401258518451E8,20297.0,804817
2.909378720194942E8,20297.0,804861
2.9093246596428245E8,20297.0,805028
2.9079984965096694E8,20313.0,805476
2.9074732494720984E8,20313.0,805484
2.9066451796614975E8,20313.0,805489
2.905585592974863E8,20313.0,805500
2.9044673241392875E8,20313.0,805529
2.9032346782057357E8,20313.0,805777
2.902867504744919E8,20313.0,805836
2.901566299779716E8,20313.0,805859
2.9003389630551964E8,20313.0,805867
2.899751290356863E8,20313.0,805899
2.899009026568708E8,20313.0,805967
2.8990051763143796E8,20313.0,805968
2.898662517618521E8,20313.0,806039
2.8983897204947007E8,20329.0,806100
2.898351580869231E8,20329.0,806149
2.897423798556824E8,20329.0,806154
2.8965868525001436E8,20329.0,806394
2.894153691066695E8,20329.0,806432
2.8938529687317014E8,20329.0,806442
2.893363930280875E8,20329.0,806445
2.893309200210481E8,20329.0,806464
2.89330506090547E8,20329.0,806532
2.8926253336315006E8,20329.0,806537
2.8913096384843785E8,20329.0,806596
2.8907519671290135E8,20329.0,806635
2.8906216320968807E8,20329.0,806671
2.890408559873122E8,20329.0,806702
2.890196963721255E8,20344.0,806786
2.890115490916212E8,20344.0,806812
2.889260759450102E8,20344.0,806836
2.888720769350421E8,20344.0,806842
2.888046314558749E8,20344.0,806861
2.887321035780191E8,20360.0,808029
2.8871095513395494E8,20360.0,808051
2.8870961804515475E8,20360.0,808053
2.886908807524721E8,20360.0,808054
2.883823835696955E8,20360.0,808103
2.880820891555803E8,20360.0,808132
2.8805191838568354E8,20375.0,808137
2.8799969081016314E8,20375.0,808409
2.8784380436067045E8,20375.0,808507
2.877695094046837E8,20375.0,808513
2.8773698827168095E8,20375.0,808519
2.8772135446919286E8,20375.0,808543
2.8742890116173095E8,20375.0,808546
2.8735732246128047E8,20375.0,808587
2.8729304830590594E8,20422.0,810848
2.872553689096952E8,20438.0,810914
2.872399355705789E8,20454.0,811837
2.871679316862722E8,20469.0,812632
2.870501920554189E8,20469.0,812644
2.870295954871015E8,20469.0,812830
2.869447854647237E8,20469.0,812868
2.869200971442912E8,20469.0,812901
2.868481175872485E8,20469.0,812963
2.8683034746826303E8,20469.0,812969
2.868261455025934E8,20485.0,813002
2.8681829809455526E8,20485.0,813106
2.867832467956051E8,20485.0,813115
2.8677250297246325E8,20485.0,813116
2.865503432870041E8,20485.0,813125
2.864114530692304E8,20485.0,813141
2.8623137860412556E8,20485.0,813166
2.8609673312007815E8,20485.0,813185
2.860726406449739E8,20485.0,813199
2.858507355878348E8,20485.0,813210
2.857699382053801E8,20485.0,813228
2.8575295035015035E8,20485.0,813239
2.856813817885133E8,20485.0,813387
2.855550352172903E8,20485.0,813407
2.8497401512036735E8,20485.0,813422
2.8495721773681444E8,20485.0,813426
2.848553836737448E8,20485.0,813437
2.848196238889673E8,20485.0,813474
2.8455645433831286E8,20485.0,813536
2.844608301914354E8,20485.0,813567
2.8438551226230955E8,20485.0,813585
2.8433700761198163E8,20485.0,813605
2.841945155078465E8,20485.0,813607
2.8411828928223294E8,20500.0,813633
2.841108161114281E8,20500.0,813668
2.841089306502613E8,20500.0,813678
2.840924908542041E8,20500.0,813691
2.8404448787410337E8,20500.0,813703
2.839927052342558E8,20500.0,813757
2.8392676786790174E8,20500.0,813781
2.8391567322268504E8,20500.0,813789
2.8385315944760376E8,20516.0,814436
2.8384701919207627E8,20516.0,814483
2.8372879817367065E8,20516.0,814497
2.836189017225797E8,20532.0,815379
2.835791690682992E8,20532.0,815455
2.835742431794522E8,20532.0,815515
2.835688470096752E8,20532.0,815547
2.832095828605833E8,20547.0,815949
2.8320110070446366E8,20547.0,815967
2.829208896410074E8,20547.0,815975
2.8291120728573406E8,20547.0,815996
2.828828412802546E8,20547.0,815999
2.8275449927325857E8,20547.0,816000
2.827462977078425E8,20547.0,816050
2.8274539816752607E8,20547.0,816157
2.826787923609905E8,20547.0,816197
2.8250246063059396E8,20547.0,816226
2.82399854597358E8,20563.0,816417
2.823920764039057E8,20563.0,816443
2.821332831980255E8,20563.0,816665
2.82058276791332E8,20563.0,816691
2.8204220382549053E8,20563.0,816763
2.820277417296235E8,20563.0,816803
2.819042922229534E8,20563.0,816900
2.818166145485103E8,20579.0,817661
2.814722138258313E8,20579.0,817681
2.8140138622073007E8,20579.0,817687
2.8128743074929667E8,20594.0,818024
2.812831927833003E8,20594.0,818027
2.812207495337708E8,20594.0,818043
2.8112806529904544E8,20594.0,818052
2.81119172333905E8,20594.0,818081
2.8111412061746967E8,20594.0,818212
2.8103963778868455E8,20594.0,818251
2.810183736345467E8,20594.0,818254
2.809553321654225E8,20594.0,818411
2.809523964399222E8,20594.0,818423
2.808535820159911E8,20610.0,818586
2.8080543080219865E8,20610.0,818596
2.805914066255661E8,20610.0,818608
2.8049641237460166E8,20610.0,818719
2.8048800489803195E8,20610.0,818857
2.8038968136753166E8,20610.0,818871
2.8038753018720764E8,20610.0,818888
2.802307948059038E8,20610.0,818926
2.8023057993793327E8,20610.0,818931
2.80179907226944E8,20610.0,818944
2.8010516792066747E8,20625.0,819199
2.800986610278947E8,20625.0,819222
2.799974510602602E8,20625.0,819240
2.7986933766785854E8,20625.0,819284
2.7981166148519844E8,20625.0,819326
2.797744696364431E8,20625.0,819351
2.797016542822132E8,20625.0,819452
2.7960890141443646E8,20625.0,819472
2.795425577802911E8,20625.0,819633
2.7943159384175813E8,20625.0,819645
2.7938359373613256E8,20641.0,819846
2.793566101205217E8,20641.0,819868
2.7917012264616746E8,20641.0,819932
2.791524282828689E8,20641.0,819944
2.7909818570924824E8,20641.0,819994
2.790892124360838E8,20641.0,820025
2.790254830085631E8,20641.0,820048
2.790128640562625E8,20641.0,820084
2.790099270782014E8,20641.0,820103
2.789468421841312E8,20641.0,820207
2.788612474820906E8,20641.0,820248
2.7881638904462135E8,20657.0,820566
2.787208533801321E8,20657.0,820609
2.786798954269639E8,20657.0,820923
2.7866205658849806E8,20750.0,824934
2.7865041300520456E8,20750.0,824944
2.7862542382574457E8,20750.0,825159
2.7862071520122737E8,20750.0,825269
2.785783030559582E8,20750.0,825296
2.785615971037722E8,20750.0,825315
2.785334828132799E8,20766.0,825626
2.7789555381020045E8,20766.0,825640
2.778851567169925E8,20766.0,825712
2.77882219531825E8,20766.0,825719
2.777955527118098E8,20766.0,825732
2.777930471792021E8,20766.0,825758
2.7778721677459097E8,20766.0,825805
2.777266260355566E8,20766.0,825818
2.775974782033903E8,20766.0,825886
2.775611531748281E8,20766.0,825887
2.773072663793203E8,20766.0,825935
2.7709568162051076E8,20766.0,825938
2.7707480975692296E8,20766.0,826011
2.77028429000416E8,20766.0,826029
2.7699079147599405E8,20782.0,826048
2.7698995187516373E8,20782.0,826051
2.76972745520436E8,20782.0,826096
2.769110764088319E8,20782.0,826127
2.767259127757706E8,20782.0,826137
2.766365304067207E8,20782.0,826177
2.7659599526820344E8,20782.0,826187
2.7641220780164415E8,20782.0,826191
2.763759771060851E8,20782.0,826253
2.763603724957987E8,20782.0,826303
2.763411890104087E8,20782.0,826312
2.7627780424966395E8,20782.0,826323
2.7625486929483044E8,20782.0,826430
2.7624869576802E8,20782.0,826485
2.761325301003198E8,20782.0,826529
2.7604617224465114E8,20782.0,826533
2.7600249291539764E8,20797.0,826806
2.7596820895590425E8,20797.0,826810
2.7593526448018044E8,20797.0,826864
2.7582327549404913E8,20797.0,826937
2.757027779161737E8,20797.0,826950
2.756273242475737E8,20797.0,826951
2.7562606260351354E8,20797.0,826976
2.755050757666774E8,20797.0,826985
2.754983022688616E8,20797.0,827011
2.7545028078942364E8,20797.0,827359
2.7540379607634574E8,20797.0,827406
2.7527234735884166E8,20813.0,827826
2.7518067317301655E8,20813.0,827859
2.7501170028260344E8,20813.0,827952
2.7493989335500854E8,20813.0,827969
2.749036141735123E8,20813.0,828070
2.7481652720100176E8,20813.0,828141
2.747558113805395E8,20829.0,828161
2.745719181640029E8,20829.0,828165
2.745190159154155E8,20829.0,828187
2.745169230828619E8,20829.0,828210
2.744723269923078E8,20829.0,828214
2.7447216462265116E8,20829.0,828230
2.7447185277095807E8,20829.0,828277
2.7445204149567354E8,20829.0,828299
2.7442122140593386E8,20829.0,828722
2.742464492632441E8,20829.0,828739
2.7415871055927813E8,20844.0,828989
2.7413958487019914E8,20844.0,829022
2.7411622403253824E8,20844.0,829093
2.739700661022792E8,20844.0,829103
2.7376406738871306E8,20844.0,829413
2.7360482217404276E8,20844.0,829491
2.734338203705721E8,20844.0,829492
2.7338909510877806E8,20860.0,829710
2.7335729461456E8,20860.0,830001
2.7328767670491344E8,20860.0,830019
2.7328173090472925E8,20860.0,830034
2.726670744309269E8,20860.0,830114
2.726640664069217E8,20860.0,830119
2.7260530853456056E8,20860.0,830129
2.7244717784325725E8,20860.0,830132
2.724369512541729E8,20860.0,830198
2.724067273595866E8,20860.0,830201
2.7223517509316313E8,20860.0,830224
2.720479337835974E8,20875.0,830258
2.7186740410069543E8,20875.0,830355
2.7174661504794276E8,20875.0,830375
2.716073522943899E8,20875.0,830376
2.715703279071008E8,20875.0,830382
2.7152875607244396E8,20875.0,830847
2.7151035502107763E8,20875.0,830872
2.715092663947021E8,20875.0,830877
2.714182771221067E8,20875.0,830902
2.7137163661109716E8,20875.0,830904
2.713265622074383E8,20891.0,830955
2.712788420751355E8,20891.0,830967
2.711297617727082E8,20891.0,830972
2.710129372576287E8,20891.0,830977
2.7099736954913837E8,20891.0,831615
2.706983420316024E8,20891.0,831623
2.7069367504267997E8,20907.0,831674
2.706488899102721E8,20907.0,831725
2.70617866071644E8,20907.0,831727
2.705052883818406E8,20907.0,831734
2.704538994251505E8,20907.0,831737
2.7045324410018593E8,20907.0,831757
2.70450589000118E8,20907.0,832103
2.7040016130435574E8,20907.0,832124
2.700963054845419E8,20907.0,832160
2.7008370522513175E8,20907.0,832223
2.700211232760241E8,20907.0,832246
2.699522896371834E8,20907.0,832264
2.6990992415766823E8,20922.0,832372
2.6987831461437875E8,20922.0,832512
2.698761309761261E8,20922.0,832529
2.698172849629845E8,20922.0,832543
2.6979599463803905E8,20922.0,832606
2.697895336118747E8,20922.0,832629
2.6973498111593974E8,20922.0,832654
2.697284274635631E8,20922.0,832675
2.6961359082295454E8,20922.0,832696
2.6956656273746467E8,20922.0,832799
2.695628329357543E8,20922.0,832850
2.6955387784616137E8,20922.0,832952
2.695295599791462E8,20938.0,833094
2.6940385933785474E8,20938.0,833164
2.694019068647545E8,20938.0,833349
2.6939195317023E8,20938.0,833477
2.69325077271439E8,20938.0,833514
2.692922402701569E8,20938.0,833525
2.6928973434474534E8,20938.0,833638
2.6925081816708285E8,20938.0,833652
2.691461168267811E8,20954.0,833763
2.691046999194072E8,20954.0,834111
2.6907310787544763E8,20954.0,834235
2.689438493303521E8,20954.0,834258
2.6893232204559535E8,20954.0,834273
2.688997638462678E8,20954.0,834299
2.688670915913621E8,20954.0,834418
2.6882122446148854E8,20969.0,834542
2.6875993916857475E8,20969.0,834662
2.6871019318869054E8,20985.0,835588
2.686576555793545E8,20985.0,835593
2.6862227688056594E8,21000.0,835991
2.6825671371160778E8,21000.0,836021
2.6807413522504282E8,21000.0,836022
2.680041069479124E8,21000.0,836100
2.6788344239114565E8,21000.0,836105
2.678772604691412E8,21000.0,836111
2.6787229561269262E8,21000.0,836136
2.6781310261736524E8,21000.0,836165
2.678100849922374E8,21000.0,836172
2.6772412034386927E8,21000.0,836223
2.676683107993477E8,21000.0,836268
2.675833684455822E8,21000.0,836286
2.6745044608587298E8,21000.0,836299
2.6733589069231093E8,21000.0,836343
2.673078592975778E8,21000.0,836344
2.6730030210338452E8,21000.0,836383
2.672575070144391E8,21000.0,836482
2.67113781015231E8,21000.0,836501
2.6700221797297227E8,21000.0,836517
2.6699219530847168E8,21000.0,836543
2.6686514872045577E8,21000.0,836550
2.6680082918189025E8,21016.0,836585
2.666854236609648E8,21016.0,836614
2.664375701662161E8,21016.0,836699
2.664343066495548E8,21016.0,836717
2.6638732199123704E8,21016.0,836737
2.6638486970684865E8,21016.0,836741
2.6613856432078826E8,21016.0,836752
2.660719581484351E8,21016.0,836776
2.660501055431238E8,21016.0,836812
2.659670883009412E8,21016.0,836852
2.658713746878212E8,21016.0,836879
2.65861627517166E8,21032.0,837553
2.6585658814746734E8,21032.0,837567
2.658330817539002E8,21032.0,837629
2.6582000266325325E8,21032.0,837710
2.657640289874153E8,21032.0,837795
2.657570977613898E8,21047.0,838152
2.6573328723894063E8,21047.0,838221
2.6562581429783607E8,21047.0,838319
2.65470860649355E8,21063.0,839265
2.654519023414359E8,21079.0,839581
2.653878481694799E8,21079.0,839594
2.653841862929615E8,21079.0,839599
2.653264672753786E8,21079.0,839647
2.6528609489807865E8,21079.0,839718
2.6528195559531137E8,21079.0,839775
2.6518013002622995E8,21079.0,839823
2.6517978790202364E8,21079.0,839834
2.6514336321416876E8,21079.0,839910
2.6486314656305048E8,21094.0,840286
2.6481719324380043E8,21094.0,840417
2.6461874601946056E8,21094.0,840651
2.6446724330854875E8,21094.0,840654
2.6417568365925974E8,21094.0,840655
2.641393536807348E8,21094.0,840664
2.6407005851127812E8,21094.0,840676
2.6405045218511513E8,21110.0,840945
2.6402755656796846E8,21110.0,840995
2.640258584341194E8,21110.0,841003
2.6399678322599125E8,21110.0,841040
2.6392063427589387E8,21110.0,841059
2.6376047498597023E8,21110.0,841070
2.6373704492054495E8,21110.0,841150
2.6373153647096288E8,21110.0,841211
2.6365650060112092E8,21110.0,841216
2.6362122158459598E8,21110.0,841228
2.6360745478023744E8,21110.0,841326
2.6354850066897354E8,21110.0,841394
2.6342011071034592E8,21126.0,841623
2.6340355756251615E8,21126.0,841654
2.6313601949565995E8,21126.0,841666
2.6313583468072462E8,21126.0,841669
2.6307132543891308E8,21126.0,841754
2.6306099187443784E8,21126.0,841813
2.6303293364297202E8,21126.0,841841
2.6301087242443177E8,21126.0,841914
2.6299725283064482E8,21126.0,842008
2.6296873599650487E8,21126.0,842035
2.6295529767897567E8,21141.0,842125
2.6294098062698716E8,21157.0,842886
2.6288074240893617E8,21157.0,842914
2.6271156967603454E8,21157.0,842924
2.6269818109888592E8,21157.0,842955
2.6268409281651118E8,21157.0,842998
2.626002043688663E8,21157.0,843040
2.6259900866425768E8,21157.0,843423
2.625890150863516E8,21157.0,843424
2.6236080702228346E8,21172.0,843616
2.6233570883226848E8,21172.0,843687
2.6231365309608406E8,21172.0,843697
2.6206200661766946E8,21172.0,843741
2.6195396407040483E8,21172.0,843755
2.6193474325193134E8,21172.0,844014
2.6184659505120593E8,21172.0,844129
2.6175374208851275E8,21172.0,844130
2.617437104461047E8,21172.0,844162
2.61740886887685E8,21188.0,844217
2.6140044589204645E8,21188.0,844314
2.611961941683541E8,21188.0,844333
2.6117785934985334E8,21188.0,844359
2.6117069892979825E8,21188.0,844388
2.611661149313949E8,21219.0,845844
2.6116393062346587E8,21219.0,845860
2.6103608248320273E8,21219.0,845956
2.6101947216971347E8,21235.0,846663
2.6099884398773906E8,21235.0,846666
2.6092908460208955E8,21235.0,846678
2.6090049050971082E8,21235.0,846690
2.6088245424363893E8,21235.0,846795
2.607576910801379E8,21235.0,846841
2.6070443360627484E8,21235.0,846867
2.6065918821470112E8,21251.0,847035
2.6065148120888603E8,21251.0,847039
2.6065120676635683E8,21251.0,847055
2.6060451236659116E8,21251.0,847130
2.6059880153471798E8,21251.0,847134
2.6055095143681443E8,21251.0,847244
2.6054766825457382E8,21251.0,847252
2.604961805844578E8,21251.0,847281
2.603504255238083E8,21251.0,847333
2.5998910073416793E8,21251.0,847457
2.5987463611513412E8,21251.0,847500
2.5979474989342684E8,21251.0,847516
2.5960923929048747E8,21251.0,847531
2.5958615948096615E8,21251.0,847535
2.5956777094388348E8,21251.0,847546
2.594990672674806E8,21251.0,847555
2.594470742968825E8,21251.0,847568
2.5937807154623204E8,21251.0,847642
2.5932550973131198E8,21251.0,847653
2.5931590054186285E8,21266.0,848079
2.5928396560068816E8,21266.0,848082
2.5900077558277106E8,21266.0,848108
2.5897259635663295E8,21266.0,848237
2.5897224291406637E8,21266.0,848314
2.5896213088257647E8,21266.0,848394
2.5880175270718017E8,21282.0,848627
2.58673943835401E8,21282.0,848798
2.586354270493982E8,21282.0,848842
2.5858550115181282E8,21282.0,848874
2.5856719810530278E8,21282.0,848899
2.5856459398527262E8,21282.0,849134
2.5853581219723123E8,21297.0,849152
2.5852332571471357E8,21297.0,849222
2.5851800238561964E8,21297.0,849257
2.5850951719342017E8,21297.0,849260
2.5838748477271956E8,21297.0,849360
2.580601579105419E8,21297.0,849493
2.5794217123723283E8,21297.0,849496
2.5789041163952056E8,21313.0,850186
2.577165563805946E8,21313.0,850199
2.5760268559561878E8,21313.0,850256
2.5750577693499184E8,21313.0,850260
2.574928758556419E8,21313.0,850267
2.5747244596238542E8,21313.0,850339
2.5746938317186475E8,21313.0,850350
2.574342712476513E8,21313.0,850361
2.5721146142887306E8,21329.0,850776
2.5718588652987665E8,21329.0,850818
2.5718090605732742E8,21329.0,850830
2.5715026115903035E8,21329.0,850833
2.571149355003611E8,21329.0,850993
2.5708085288561833E8,21329.0,851071
2.568457121957016E8,21344.0,851239
2.567888423884116E8,21344.0,851245
2.5670502690822852E8,21344.0,851310
2.5663456091337097E8,21344.0,851324
2.5661552132405245E8,21344.0,851367
2.5654104211793527E8,21344.0,851430
2.564525804165731E8,21344.0,851671
2.5639424650547126E8,21360.0,852107
2.5624229514074853E8,21360.0,852378
2.5620850035781056E8,21360.0,852493
2.5609107155736634E8,21376.0,852739
2.5608641830401808E8,21376.0,853196
2.56070957530605E8,21376.0,853247
2.560095113457202E8,21376.0,853257
2.5595031507366198E8,21391.0,853342
2.5584283177033052E8,21391.0,853428
2.5582595444679084E8,21391.0,853486
2.5518554540127447E8,21407.0,854038
2.5512539797445315E8,21407.0,854053
2.5493895553067872E8,21407.0,854055
2.5492855075134188E8,21407.0,854302
2.5474748005127347E8,21407.0,854706
2.547145237993104E8,21407.0,854715
2.5470359839452702E8,21422.0,855408
2.5470326249084127E8,21438.0,855444
2.5453345460438964E8,21438.0,855596
2.543918293216931E8,21438.0,855678
2.543789234963081E8,21438.0,855739
2.5437647107378185E8,21438.0,855807
2.5430719550523818E8,21454.0,856218
2.5409079221391448E8,21469.0,857091
2.540860830074844E8,21469.0,857205
2.5406935515522745E8,21469.0,857229
2.539754214735599E8,21485.0,857634
2.5395614692008635E8,21485.0,857657
2.539224711293664E8,21485.0,857659
2.538629873833599E8,21563.0,861211
2.5381743237578845E8,21563.0,861239
2.537701743071497E8,21563.0,861262
2.5357398284395677E8,21563.0,861294
2.5351440718237513E8,21563.0,861343
2.5343869819635773E8,21563.0,861430
2.5333830071712464E8,21563.0,861444
2.5333699778823233E8,21579.0,862181
2.5330370344588107E8,21579.0,862204
2.5323647315014213E8,21579.0,862286
2.5311957471985906E8,21594.0,862331
2.5311457180605185E8,21594.0,862351
2.5308483660505277E8,21594.0,862363
2.530763129654532E8,21594.0,862380
2.5307405577897674E8,21594.0,862393
2.529597941766281E8,21594.0,862427
2.5291264527776295E8,21594.0,862430
2.5250708412204415E8,21594.0,862455
2.524562322700861E8,21594.0,862462
2.5221961002080914E8,21594.0,862495
2.5219198732909128E8,21594.0,862540
2.5218952207651037E8,21594.0,862998
2.5217267224952477E8,21610.0,863040
2.521716039582481E8,21610.0,863122
2.521699192970497E8,21610.0,863187
2.5216929836308667E8,21610.0,863205
2.521045521960484E8,21610.0,863219
2.5209507772827324E8,21610.0,863226
2.5204550098723164E8,21610.0,863258
2.519803036109493E8,21610.0,863370
2.5192509899591407E8,21610.0,863380
2.5191607568972012E8,21610.0,863461
2.518924729159269E8,21610.0,863471
2.5186188862451538E8,21610.0,863507
2.5127038933412498E8,21610.0,863672
2.5112756564667815E8,21610.0,863675
2.5112518157781425E8,21626.0,863722
2.5090611533048195E8,21641.0,864954
2.50887105983067E8,21641.0,865037
2.5084385017205855E8,21672.0,866082
2.507884706316434E8,21672.0,866152
2.5061085782888827E8,21688.0,866559
2.505702502844817E8,21688.0,866680
2.5051639778805292E8,21688.0,866781
2.5045760477425873E8,21688.0,866824
2.5039450788758582E8,21688.0,866844
2.5034129496622488E8,21688.0,866873
2.502618541749944E8,21688.0,866920
2.5021341670556897E8,21688.0,866955
2.5018789106970704E8,21704.0,867151
2.5018577003581837E8,21719.0,867930
2.5012652123076913E8,21719.0,868266
2.5011214900323173E8,21751.0,868462
2.5006791582474726E8,21751.0,868620
2.5005708385671246E8,21751.0,868809
2.500486270786914E8,21751.0,868901
2.49942542199087E8,21766.0,868946
2.4979208471733415E8,21766.0,869006
2.4978278525689003E8,21782.0,869611
2.497332448364402E8,21782.0,869632
2.4973043570535797E8,21782.0,869723
2.4967241257680798E8,21782.0,869726
2.4956719400514382E8,21782.0,869728
2.495398678383627E8,21782.0,869821
2.4948370133391124E8,21782.0,869869
2.4941232387551403E8,21782.0,869892
2.4940668243218806E8,21782.0,870102
2.4932823902113283E8,21797.0,870389
2.4930309934845865E8,21797.0,870439
2.4927741696173388E8,21797.0,870494
2.4900724167332077E8,21797.0,870562
2.489937568651169E8,21797.0,870566
2.489770731016922E8,21797.0,870599
2.489634742338452E8,21797.0,870685
2.4886072128257456E8,21797.0,870729
2.4884456058664095E8,21813.0,870941
2.4877953253012574E8,21813.0,870961
2.4873301912424695E8,21813.0,870981
2.4862800496200866E8,21813.0,871029
2.4849781842768335E8,21813.0,871046
2.4849597460962993E8,21813.0,871056
2.4837993580925602E8,21813.0,871138
2.4831040621579385E8,21813.0,871155
2.4794497240350148E8,21813.0,871507
2.4778858588176224E8,21829.0,871674
2.4775690429381618E8,21829.0,871699
2.4771505964479426E8,21829.0,871850
2.4771159297320673E8,21829.0,871885
2.4766298186949202E8,21829.0,871930
2.4759067934834465E8,21829.0,872059
2.473258927505768E8,21876.0,873653
2.472984812281071E8,21876.0,873661
2.4725786324631354E8,21907.0,875460
2.4719224470072412E8,21907.0,875647
2.471918339540548E8,21907.0,875650
2.4717688300415295E8,21907.0,875668
2.4706182076448476E8,21907.0,875708
2.4705131169806942E8,21907.0,875722
2.4702783114219382E8,21907.0,875752
2.4702554948247933E8,21922.0,875766
2.4694330242550814E8,21922.0,875778
2.4690287898007202E8,21922.0,875870
2.4680037878660586E8,21922.0,875876
2.4679530861756468E8,21922.0,875885
2.467860388134719E8,21922.0,876157
2.4675150796508548E8,21922.0,876395
2.4669033548658022E8,21938.0,876444
2.466531029856063E8,21938.0,876758
2.463185413864152E8,21938.0,876768
2.463152385010023E8,21938.0,876812
2.4608945054187167E8,21938.0,876846
2.4605600098322257E8,21938.0,876924
2.4593231233286896E8,21938.0,876955
2.4585642044032568E8,21938.0,876999
2.458182205457886E8,21938.0,877056
2.4572505402882874E8,21954.0,877161
2.45687748797469E8,21954.0,877200
2.4557286540692368E8,21954.0,877242
2.4551865113715106E8,21954.0,877272
2.4551235677007794E8,21954.0,877347
2.4550981540479317E8,21954.0,877484
2.4534051638908887E8,21969.0,878141
2.4533168458397242E8,21969.0,878235
2.4528552129215887E8,21969.0,878258
2.4526992038337737E8,21969.0,878275
2.451678513469898E8,21985.0,878527
2.451659068716824E8,21985.0,878529
2.4515254294259995E8,21985.0,878584
2.4505856020500755E8,21985.0,878629
2.4502766855310526E8,22001.0,879340
2.4499842190452287E8,22001.0,879491
2.4492882011928943E8,22001.0,879640
2.4491271636422575E8,22001.0,879651
2.447888299773345E8,22001.0,879669
2.4472277219215444E8,22001.0,879698
2.4471332294248027E8,22001.0,879728
2.446631711313244E8,22001.0,879729
2.4460816514895096E8,22001.0,879769
2.446077754664306E8,22001.0,879772
2.4460321598919946E8,22016.0,879803
2.44587470681588E8,22016.0,879828
2.445850771961143E8,22016.0,879935
2.4452197753304437E8,22016.0,879964
2.445181403668346E8,22016.0,880075
2.4449531295351824E8,22016.0,880161
2.442355215673748E8,22016.0,880217
2.44186790037945E8,22016.0,880223
2.4417422884038004E8,22016.0,880235
2.4412232579401305E8,22016.0,880269
2.4409394838649926E8,22016.0,880278
2.4401697646239236E8,22016.0,880283
2.4401146007914463E8,22016.0,880317
2.4400960153699085E8,22016.0,880333
2.4398247339531228E8,22016.0,880445
2.439599867775978E8,22016.0,880452
2.438152284290342E8,22032.0,880550
2.4374978427185372E8,22032.0,880553
2.437353397701685E8,22032.0,880587
2.4366901136273453E8,22032.0,880635
2.4359143958538392E8,22032.0,880865
2.4358289792980775E8,22032.0,880886
2.4357179544614258E8,22032.0,880906
2.4339706899663714E8,22047.0,881165
2.4332045681018248E8,22047.0,881196
2.4331151388336948E8,22047.0,881200
2.4331016429239684E8,22047.0,881201
2.4330082819141507E8,22047.0,881222
2.4329224280275923E8,22047.0,881294
2.431878524802267E8,22047.0,881332
2.4312506347237736E8,22047.0,881345
2.4302692992462116E8,22047.0,881365
2.4295781786536896E8,22047.0,881400
2.4294272007959569E8,22047.0,881479
2.4285167413826376E8,22047.0,881521
2.428122314574551E8,22047.0,881578
2.4278154059371433E8,22047.0,881586
2.4277243348428327E8,22047.0,881593
2.4268687824600866E8,22047.0,881725
2.4260266433441606E8,22063.0,882281
2.425939773203752E8,22063.0,882336
2.4258949423605525E8,22063.0,882390
2.425782368693617E8,22063.0,882401
2.4254863274973997E8,22079.0,882513
2.4249288187372878E8,22110.0,883706
2.42492876097828E8,22110.0,883756
2.424908777166162E8,22110.0,883779
2.4241301563793758E8,22110.0,884025
2.423246542155139E8,22110.0,884292
2.4230186129224336E8,22110.0,884345
2.4215072389362907E8,22126.0,884621
2.4204564408194572E8,22126.0,884749
2.4195705924318022E8,22126.0,884770
2.4195307475872624E8,22126.0,884904
2.4191531005946925E8,22126.0,884930
2.4183502870269912E8,22126.0,884975
2.4182778777651867E8,22126.0,885007
2.4179783932981816E8,22126.0,885020
2.4178926932511514E8,22141.0,885055
2.4178614191689134E8,22141.0,885084
2.417856230973537E8,22141.0,885328
2.417612285103497E8,22141.0,885361
2.4175401438242722E8,22141.0,885365
2.4172701078016907E8,22141.0,885403
2.4162107217610627E8,22141.0,885412
2.415996853742438E8,22141.0,885508
2.415502609377796E8,22141.0,885529
2.415257074335503E8,22141.0,885531
2.4151962721860227E8,22141.0,885535
2.4149662246517375E8,22141.0,885541
2.414755352268289E8,22141.0,885563
2.4144957136345068E8,22157.0,885688
2.4137012033716035E8,22172.0,886758
2.4136932980871153E8,22172.0,886764
2.4136931513527572E8,22172.0,886765
2.4131462882625526E8,22172.0,886784
2.412245796751755E8,22172.0,886839
2.4114136231954378E8,22172.0,886862
2.411059189436401E8,22172.0,886909
2.4109839144321883E8,22188.0,886931
2.41034312230179E8,22188.0,887112
2.4097884493518516E8,22188.0,887170
2.4094856710397997E8,22188.0,887214
2.4090379160518053E8,22188.0,887256
2.4088991261607695E8,22188.0,887489
2.4077392098990813E8,22188.0,887526
2.4072371109496263E8,22188.0,887549
2.40640546551446E8,22204.0,887555
2.4062043156150305E8,22204.0,887622
2.4058653847712553E8,22204.0,887679
2.4052046694948936E8,22204.0,887726
2.4047934945918718E8,22204.0,887791
2.4045831190085408E8,22204.0,887832
2.4036457686389938E8,22251.0,890114
2.4027239669838053E8,22266.0,890234
2.4026044268838587E8,22266.0,890260
2.4024268962637463E8,22266.0,890356
2.402358151713609E8,22266.0,890376
2.4021757772844625E8,22266.0,890442
2.4020432539082885E8,22266.0,890456
2.4010464853394678E8,22266.0,890480
2.4010233997233525E8,22266.0,890569
2.4009878042022717E8,22266.0,890699
2.4008345384123942E8,22266.0,890747
2.3997657424817514E8,22266.0,890762
2.398592464885971E8,22266.0,890797
2.3965693357107368E8,22266.0,890803
2.3965569046360496E8,22282.0,890846
2.3960656214838365E8,22282.0,890923
2.3959606964301166E8,22282.0,890931
2.3958762142796978E8,22282.0,890953
2.3956547582937217E8,22282.0,890972
2.3956055465367565E8,22282.0,891175
2.393815593224717E8,22298.0,891676
2.3931083544872853E8,22298.0,891682
2.393005635966331E8,22298.0,891707
2.3929698375903872E8,22298.0,891738
2.3918241957491136E8,22298.0,891903
2.3914289647137177E8,22298.0,891957
2.3908644296785477E8,22298.0,892006
2.390805803677543E8,22298.0,892050
2.3901384088311338E8,22313.0,892406
2.3891558306092435E8,22313.0,892548
2.3883987362703085E8,22313.0,892603
2.388100210984167E8,22313.0,892622
2.388077788463158E8,22329.0,893125
2.3879726114255425E8,22329.0,893227
2.38785331216343E8,22329.0,893232
2.3874765504383376E8,22329.0,893513
2.3864634917410067E8,22344.0,893642
2.3861784806272623E8,22344.0,893804
2.3855814571113282E8,22344.0,893875
2.3852313614990205E8,22360.0,894542
2.3842141695949072E8,22360.0,894544
2.3840123907371783E8,22360.0,894552
2.3838533752812076E8,22360.0,894569
2.382847946237849E8,22360.0,894572
2.3824359774950504E8,22360.0,894582
2.3823832663560504E8,22360.0,894598
2.382383066578529E8,22360.0,894680
2.3821119875572762E8,22360.0,894729
2.3819957496080807E8,22360.0,894803
2.380951075962852E8,22360.0,894807
2.379884001384641E8,22376.0,894957
2.3796586071353891E8,22376.0,895051
2.3793916101615345E8,22376.0,895072
2.379163684998724E8,22391.0,895993
2.379149246634987E8,22391.0,896101
2.3791467248654205E8,22391.0,896105
2.3779860960065275E8,22391.0,896144
2.3778976124440396E8,22391.0,896179
2.377855979275651E8,22407.0,896246
2.377851897972326E8,22407.0,896772
2.3778250250691473E8,22423.0,896988
2.3773797416076255E8,22423.0,897052
2.374665037720336E8,22423.0,897322
2.374555598190021E8,22423.0,897451
2.374510798914677E8,22423.0,897497
2.373841206290046E8,22423.0,897498
2.3717600399074984E8,22438.0,897633
2.3717578718850806E8,22438.0,897667
2.3710628266561094E8,22438.0,897708
2.370971039308888E8,22438.0,897782
2.3706862160532027E8,22438.0,897827
2.370646722715059E8,22438.0,897884
2.370555857801427E8,22438.0,897934
2.3705479320722133E8,22469.0,899299
2.3697864592897594E8,22469.0,899338
2.3697720190460086E8,22469.0,899355
2.369679615625936E8,22469.0,899474
2.369599943201348E8,22469.0,899498
2.3688807288763377E8,22469.0,899531
2.3685729689590093E8,22469.0,899619
2.368554196880609E8,22469.0,899670
2.368489035034617E8,22485.0,899699
2.3679419733033788E8,22485.0,899714
2.3677070306670177E8,22485.0,899744
2.3676080093530267E8,22485.0,899771
2.367578170033495E8,22485.0,899776
2.3671562675959703E8,22485.0,899797
2.3670159378758544E8,22485.0,899811
2.3660713263735256E8,22485.0,899836
2.3659473306450114E8,22485.0,899938
2.3659225061621115E8,22485.0,899962
2.365822031202751E8,22485.0,899995
2.3657318706978673E8,22485.0,900033
2.365101619423529E8,22485.0,900041
2.364911579680732E8,22485.0,900143
2.3635824527155808E8,22485.0,900155
2.3633818755312738E8,22485.0,900236
2.3632526633430156E8,22501.0,900429
2.3627596227757132E8,22501.0,900453
2.362747342614362E8,22501.0,900535
2.3617239896252167E8,22501.0,900765
2.3616137616836792E8,22501.0,900842
2.3612142523454756E8,22501.0,901001
2.3610287010084647E8,22501.0,901048
2.358369311305719E8,22516.0,901120
2.357818155524503E8,22516.0,901139
2.356022719672864E8,22516.0,901224
2.3554470279533035E8,22516.0,901306
2.3553200304937458E8,22516.0,901341
2.354381121809286E8,22532.0,902302
2.3538873486350378E8,22548.0,902570
2.353367037798267E8,22548.0,902603
2.3533341101923457E8,22548.0,902604
2.3522010254076678E8,22548.0,902773
2.3518121924753767E8,22548.0,902825
2.350935586037076E8,22548.0,902827
2.3507380803218994E8,22548.0,902918
2.3504949082027566E8,22548.0,903091
2.3482864489732268E8,22563.0,903165
2.348255139637462E8,22563.0,903193
2.3479836751238075E8,22563.0,903222
2.3475575462499747E8,22563.0,903228
2.3460798998320356E8,22563.0,903255
2.3460240933116248E8,22563.0,903278
2.3457071837191066E8,22563.0,903334
2.3448780159870547E8,22563.0,903351
2.3447033532386833E8,22563.0,903423
2.3445060206942055E8,22563.0,903580
2.344290791117547E8,22563.0,903780
2.3415843271964023E8,22579.0,904046
2.3415678837359267E8,22579.0,904106
2.341471201591265E8,22579.0,904169
2.3412954293094656E8,22594.0,904274
2.3408393378456637E8,22594.0,904313
2.3405981492788178E8,22594.0,904410
2.340250627175222E8,22594.0,904519
2.340156576392556E8,22594.0,904558
2.3397852404050928E8,22610.0,904613
2.3383146270021132E8,22610.0,904647
2.3382791961756366E8,22610.0,904776
2.3375431373043966E8,22610.0,904903
2.3374619813073257E8,22610.0,905082
2.3374216973056018E8,22610.0,905095
2.337407466983744E8,22610.0,905138
2.337261632228307E8,22610.0,905172
2.3366090798463833E8,22610.0,905199
2.3359757501940018E8,22610.0,905237
2.3356297204188222E8,22626.0,905320
2.3355640107503933E8,22626.0,905399
2.3348357564723414E8,22626.0,905497
2.334530229653393E8,22626.0,905627
2.3343367558250552E8,22641.0,906067
2.3338344971752402E8,22641.0,906224
2.3328258357321167E8,22641.0,906233
2.3323608584563124E8,22641.0,906263
2.3315889968162447E8,22641.0,906588
2.3313950336585274E8,22641.0,906618
2.33136778223133E8,22641.0,906650
2.3313232659965456E8,22641.0,906672
2.3313069910894847E8,22657.0,906932
2.3302250802576494E8,22657.0,906989
2.3301680903500813E8,22657.0,907016
2.3296190215388134E8,22657.0,907053
2.3294551836627147E8,22657.0,907067
2.3292191089617702E8,22673.0,907643
2.3272553558491972E8,22673.0,907644
2.327123546814504E8,22673.0,907679
2.3270803495184675E8,22673.0,907778
2.325392975965116E8,22735.0,910631
2.3252311268509385E8,22735.0,910707
2.3247833711598325E8,22735.0,910736
2.3232124200668767E8,22735.0,910779
2.3228422645365047E8,22735.0,910783
2.321555349870184E8,22751.0,911688
2.3214840477895796E8,22751.0,911689
2.3212565466493183E8,22766.0,911716
2.321070329610902E8,22766.0,911723
2.3202452715843868E8,22766.0,911744
2.3188916051172495E8,22766.0,911800
2.3176075244937348E8,22766.0,911818
2.3171034846840638E8,22766.0,911821
2.3165620693706506E8,22766.0,911826
2.3152919308934808E8,22766.0,911869
2.3144862391054377E8,22766.0,911985
2.313709445977728E8,22766.0,912064
2.313688708683249E8,22766.0,912124
2.3114874042460188E8,22766.0,912177
2.311274135690035E8,22766.0,912212
2.3110860178904733E8,22782.0,912418
2.311011855249702E8,22798.0,913184
2.3104263720051637E8,22798.0,913218
2.3100337112279198E8,22798.0,913227
2.309188839334395E8,22798.0,913269
2.3088451484717578E8,22798.0,913290
2.3082881812453157E8,22798.0,913320
2.3082490842674184E8,22798.0,913349
2.3081866663355935E8,22798.0,913390
2.3080135094523302E8,22798.0,913392
2.307702916452213E8,22798.0,913490
2.3074685390891302E8,22798.0,913505
2.3066969718030888E8,22798.0,913574
2.304543106524842E8,22798.0,913612
2.30435069174958E8,22798.0,913710
2.3021497527011055E8,22798.0,913738
2.3021109853941944E8,22798.0,913806
2.301592186771135E8,22813.0,914319
2.3011459590429443E8,22813.0,914386
2.3008224039985144E8,22813.0,914426
2.30078154194481E8,22813.0,914521
2.2980942191623512E8,22829.0,914567
2.2969567846269926E8,22829.0,914570
2.2961651185763103E8,22829.0,914571
2.295331896129936E8,22829.0,914595
2.295120080821661E8,22829.0,914694
2.2944008013603815E8,22829.0,914745
2.2942709739816275E8,22829.0,914848
2.29396095201869E8,22829.0,914903
2.2939591791901973E8,22829.0,914988
2.293911310295138E8,22829.0,914998
2.2937810348388627E8,22829.0,915020
2.2937738138098896E8,22829.0,915081
2.2936403602309906E8,22829.0,915088
2.293609383408597E8,22829.0,915137
2.293181411822322E8,22829.0,915157
2.2922034219152883E8,22829.0,915200
2.292160692487608E8,22829.0,915237
2.2917134349445993E8,22844.0,915257
2.291703751569159E8,22844.0,915296
2.2910601248939785E8,22844.0,915356
2.290819551949065E8,22844.0,915484
2.2908146108950925E8,22844.0,915517
2.290301705147617E8,22844.0,915536
2.2890242159066695E8,22844.0,915546
2.289014796223275E8,22844.0,915818
2.288823159213154E8,22860.0,916032
2.2887767913322812E8,22860.0,916065
2.2859312476574442E8,22891.0,918006
2.2858438698030075E8,22907.0,918217
2.2841524505880144E8,22907.0,918376
2.282975707047355E8,22907.0,918497
2.2815661676840073E8,22907.0,918578
2.2803248000876954E8,22923.0,919188
2.2803223405486962E8,22954.0,919249
2.2798789207061175E8,22954.0,919284
2.279858695907161E8,22954.0,919301
2.2798026331020418E8,22954.0,919316
2.279634603448359E8,22954.0,919380
2.2792460618569925E8,22954.0,919402
2.2782178555607373E8,22954.0,919410
2.277958531891749E8,22954.0,919499
2.277075161122851E8,22954.0,919535
2.2764919678670827E8,22969.0,919920
2.2759823655281794E8,22969.0,919971
2.2759014175899467E8,22969.0,920086
2.2757639482248524E8,22969.0,920172
2.2726149573944008E8,22969.0,920190
2.2725023825107142E8,22985.0,920302
2.2721534870334375E8,22985.0,920392
2.271839870126221E8,22985.0,920550
2.2714961560017636E8,22985.0,920596
2.2713568312685558E8,22985.0,920775
2.2713171017927814E8,22985.0,920856
2.270092074621914E8,22985.0,920860
2.2694417545501313E8,22985.0,920884
2.2691986409430712E8,22985.0,920922
2.2685985277865592E8,23001.0,921015
2.2678898988004696E8,23001.0,921234
2.2668980466399637E8,23001.0,921280
2.266811391899381E8,23001.0,921291
2.266082733451045E8,23001.0,921324
2.2660225617627808E8,23001.0,921426
2.265676288557098E8,23001.0,921437
2.2656015797139552E8,23001.0,921540
2.2648896745905563E8,23016.0,921576
2.2648713716423044E8,23016.0,921666
2.2648665428189722E8,23016.0,921670
2.2645324286410093E8,23016.0,921918
2.2641815668373024E8,23016.0,921939
2.26409465672559E8,23016.0,922028
2.2629675665002722E8,23032.0,922397
2.262424975135742E8,23032.0,922918
2.262408993985227E8,23048.0,923021
2.2616962195449433E8,23048.0,923385
2.2616644048910037E8,23048.0,923390
2.2612782179133454E8,23048.0,923516
2.2611090452158976E8,23063.0,923728
2.2607134389596808E8,23063.0,923805
2.2606893168101463E8,23063.0,923845
2.2600563245223463E8,23063.0,924002
2.2591638066006464E8,23063.0,924046
2.25895417946273E8,23063.0,924120
2.258900591389946E8,23063.0,924122
2.2587040950777894E8,23063.0,924143
2.2586145157519743E8,23063.0,924204
2.2570356221997342E8,23063.0,924228
2.2548174436632073E8,23079.0,924563
2.254621871232168E8,23079.0,924605
2.2527914223393023E8,23079.0,924614
2.252296905102607E8,23079.0,924630
2.2506303625066647E8,23079.0,924896
2.2505523723255637E8,23079.0,924899
2.2501292051629698E8,23079.0,924900
2.2498945281033683E8,23079.0,924915
2.2496629810300457E8,23079.0,924943
2.246079794314088E8,23094.0,925194
2.244123023329404E8,23094.0,925338
2.2436938480308428E8,23094.0,925630
2.2414727506342748E8,23110.0,925760
2.2411931593610325E8,23110.0,925977
2.2407612519090217E8,23110.0,925980
2.2406501209451252E8,23110.0,925991
2.2405059363083902E8,23110.0,926366
2.240454592961428E8,23110.0,926395
2.2389380415171978E8,23126.0,926434
2.2387095579766962E8,23126.0,926531
2.2386964693851116E8,23126.0,926541
2.2384998780113184E8,23126.0,926650
2.2384525448798385E8,23126.0,926655
2.2383596681250313E8,23126.0,926742
2.2365517962618363E8,23126.0,926814
2.236429821980858E8,23126.0,926829
2.2363539430872414E8,23126.0,926912
2.2362595023999953E8,23126.0,926924
2.2362527693899733E8,23126.0,926929
2.236162157352351E8,23126.0,927067
2.2361466430499306E8,23141.0,927166
2.233664705652443E8,23141.0,927362
2.233576213359931E8,23141.0,927376
2.232734999619399E8,23141.0,927480
2.2326348673264295E8,23141.0,927511
2.2325449460481584E8,23141.0,927590
2.2320724622882143E8,23141.0,927672
2.231396649881318E8,23141.0,927752
2.2313942328879872E8,23141.0,927786
2.2310552340345803E8,23157.0,928075
2.2296804720196477E8,23157.0,928150
2.229544466392429E8,23157.0,928202
2.2289335180212626E8,23157.0,928253
2.2284740766544944E8,23157.0,928364
2.2282041136039233E8,23157.0,928458
2.228008453752607E8,23157.0,928463
2.227894336052522E8,23157.0,928526
2.227040100331509E8,23173.0,928695
2.226734039856772E8,23173.0,928780
2.2260356686651444E8,23173.0,928925
2.2256689460900298E8,23173.0,928945
2.2251207763414368E8,23173.0,929039
2.224773589411713E8,23173.0,929152
2.2243423383792168E8,23173.0,929170
2.224022892645384E8,23188.0,929289
2.224001710466639E8,23188.0,929310
2.2236710773292816E8,23188.0,929346
2.2228629134279856E8,23188.0,929685
2.222019555167503E8,23188.0,929733
2.221883970788155E8,23188.0,929751
2.2210403522928917E8,23219.0,930660
2.2208815434093568E8,23219.0,930715
2.2204698039080206E8,23219.0,930776
2.2204566288081256E8,23219.0,931110
2.2200041539619374E8,23219.0,931212
2.2197113097315082E8,23219.0,931276
2.219288082159863E8,23219.0,931290
2.2183904227638164E8,23219.0,931299
2.2181322123202693E8,23235.0,931396
2.2176604453451622E8,23235.0,931947
2.217645388644176E8,23235.0,931965
2.2154735848283187E8,23235.0,931977
2.2139534818069226E8,23235.0,931993
2.2137389604249474E8,23235.0,932044
2.2136536363730398E8,23251.0,932120
2.213410567857623E8,23251.0,932140
2.2132965575652936E8,23251.0,932353
2.212171804325862E8,23251.0,932387
2.2117100373890513E8,23251.0,932430
2.2115379027050442E8,23251.0,932461
2.2111368479162735E8,23251.0,932462
2.211110988336518E8,23251.0,932470
2.2096775723490277E8,23266.0,932937
2.2094964912296033E8,23266.0,932985
2.2093403212359843E8,23266.0,933072
2.208959992695315E8,23282.0,934057
2.208923198875933E8,23282.0,934119
2.2084711749103963E8,23282.0,934130
2.208281391906118E8,23282.0,934165
2.2080622875353286E8,23298.0,934188
2.207846110684755E8,23298.0,934196
2.2071743693782598E8,23298.0,934253
2.207144132519493E8,23298.0,934455
2.2054657776893324E8,23298.0,934815
2.2054146319391245E8,23298.0,934869
2.2043824124623412E8,23313.0,934941
2.204302760877127E8,23313.0,934972
2.204242945330233E8,23313.0,934977
2.204162727831366E8,23313.0,934981
2.2041327223333713E8,23313.0,934995
2.2041051796868882E8,23313.0,935072
2.2037497146263167E8,23313.0,935160
2.2028554405597988E8,23313.0,935297
2.2021238442421326E8,23313.0,935334
2.201729016744521E8,23329.0,935656
2.2013988399927506E8,23329.0,935792
2.2011636351179644E8,23329.0,935797
2.2011068783831778E8,23329.0,935835
2.2002131757996008E8,23344.0,936355
2.1996960422543946E8,23344.0,936380
2.1993745266634467E8,23344.0,936430
2.1993253595567465E8,23344.0,936552
2.1990405126691794E8,23344.0,936593
2.198241085500964E8,23344.0,936755
2.1981855756730554E8,23344.0,936756
2.1957842452116778E8,23344.0,936762
2.1956467559207273E8,23344.0,936778
2.195369376043413E8,23344.0,936804
2.1951108545570886E8,23344.0,936880
2.1941411585501364E8,23344.0,936890
2.1934032400331768E8,23360.0,937232
2.1933252381902757E8,23360.0,937236
2.1930507089698264E8,23360.0,937283
2.1929484377688023E8,23360.0,937318
2.1928048749115866E8,23360.0,937343
2.192305355121229E8,23360.0,937387
2.1921735952221355E8,23360.0,937416
2.191142293555032E8,23360.0,937434
2.1911280362743083E8,23360.0,937615
2.1910924361004686E8,23360.0,937628
2.1910213616334617E8,23360.0,937682
2.1907063714489636E8,23360.0,937696
2.190444449698828E8,23376.0,938019
2.1872385326697177E8,23376.0,938048
2.186763746245258E8,23376.0,938181
2.1859318895355242E8,23376.0,938254
2.1853083134688354E8,23376.0,938299
2.185222201346835E8,23391.0,938561
2.1851796419229078E8,23391.0,938622
2.1851187417101058E8,23391.0,938979
2.1848580668519506E8,23391.0,939020
2.1847625208780724E8,23407.0,939153
2.1842634420479795E8,23423.0,940063
2.183602397284961E8,23423.0,940419
2.1835440556616595E8,23423.0,940461
2.1834634380870745E8,23423.0,940475
2.183347061537253E8,23423.0,940496
2.1829846553489318E8,23423.0,940528
2.1829593180841148E8,23438.0,941281
2.182501858799469E8,23454.0,941302
2.182157934499387E8,23454.0,941412
2.1820396566729856E8,23454.0,941428
2.1818965701078147E8,23454.0,941723
2.1811001399745858E8,23454.0,941737
2.1809114013021106E8,23454.0,941881
2.1803955483454204E8,23469.0,942174
2.1797787739551088E8,23469.0,942284
2.1796924496245304E8,23469.0,942292
2.1793923893523112E8,23469.0,942328
2.1776194727950463E8,23469.0,942419
2.176936837874382E8,23469.0,942545
2.1769260346079662E8,23469.0,942551
2.176902266490484E8,23469.0,942610
2.176326454683973E8,23469.0,942685
2.1759931974802265E8,23469.0,942702
2.1752472664571384E8,23469.0,942722
2.1751304375520802E8,23485.0,942855
2.1739266824696046E8,23485.0,942922
2.1725175397838137E8,23485.0,942932
2.1724402820275167E8,23485.0,943151
2.172407467596685E8,23485.0,943248
2.171972043390775E8,23485.0,943281
2.171619813794491E8,23485.0,943386
2.1715091089996365E8,23501.0,943520
2.1712662229368475E8,23501.0,943800
2.170948341236077E8,23501.0,943817
2.170713859770425E8,23501.0,943846
2.1706608702371264E8,23532.0,945429
2.1694266338717237E8,23532.0,945457
2.169247576310903E8,23532.0,945502
2.169159830024942E8,23532.0,945535
2.16902023609579E8,23548.0,945622
2.1685224528138798E8,23548.0,945650
2.16828451148609E8,23548.0,945662
2.1682060433955735E8,23548.0,945699
2.1670295682867724E8,23548.0,945824
2.1669535451625586E8,23548.0,946051
2.1665762585113978E8,23548.0,946131
2.1664593905969447E8,23548.0,946262
2.1664109085624874E8,23563.0,946396
2.1663830027996388E8,23563.0,946541
2.166367542200939E8,23579.0,947006
2.1649873113293922E8,23579.0,947009
2.1647273478461385E8,23579.0,947108
2.1624442710609728E8,23579.0,947197
2.1624221855291492E8,23579.0,947212
2.1623280834028286E8,23579.0,947239
2.161875224226184E8,23579.0,947624
2.161783338369773E8,23595.0,947923
2.1598926955923888E8,23595.0,947966
2.1594546734821045E8,23595.0,948039
2.157534045187067E8,23595.0,948087
2.157517013482305E8,23595.0,948091
2.1571976725114813E8,23595.0,948273
2.156295152098204E8,23595.0,948328
2.1553289126671275E8,23626.0,949430
2.155099955160078E8,23626.0,949436
2.1538136446989995E8,23626.0,949569
2.1534102497131932E8,23626.0,949758
2.1531937884119338E8,23641.0,949788
2.1525131155393523E8,23641.0,949844
2.1524810254557723E8,23641.0,949897
2.151085182413607E8,23641.0,949922
2.1510549154963687E8,23641.0,949997
2.150633428245825E8,23641.0,950093
2.150601856012335E8,23641.0,950185
2.150406611027495E8,23641.0,950217
2.1501011456321272E8,23657.0,950802
2.149973543885707E8,23657.0,950856
2.1496437331294742E8,23657.0,950858
2.1496099296251962E8,23657.0,950896
2.149367180213659E8,23673.0,951199
2.149262484262115E8,23673.0,951213
2.148736955783369E8,23673.0,951215
2.147792148128614E8,23688.0,952029
2.147246434963073E8,23688.0,952064
2.1471249450112036E8,23688.0,952086
2.1468558265043664E8,23688.0,952298
2.1468510617618766E8,23688.0,952321
2.1466268686816218E8,23688.0,952345
2.1463441944700673E8,23688.0,952460
2.146167349481174E8,23688.0,952602
2.1459450778219533E8,23704.0,952626
2.1454155011153123E8,23704.0,952658
2.1451228077004403E8,23704.0,952664
2.1444750798071358E8,23704.0,952723
2.1439820825327644E8,23704.0,952735
2.143966929564897E8,23704.0,952753
2.1437229744283158E8,23704.0,952850
2.1435783744701737E8,23704.0,952946
2.1431477108025873E8,23720.0,953391
2.142908233034649E8,23720.0,953440
2.142643886243155E8,23720.0,953459
2.1424881720398086E8,23720.0,953488
2.142398809608168E8,23720.0,953577
2.1421869643188018E8,23720.0,953684
2.142111064622242E8,23720.0,953739
2.141850746391036E8,23720.0,953899
2.1415831863528484E8,23720.0,953910
2.141341061466241E8,23720.0,953966
2.1411489856309676E8,23720.0,953979
2.14107847266298E8,23720.0,953990
2.1400862202281195E8,23720.0,954049
2.1381791756371972E8,23751.0,954885
2.1379553027308756E8,23751.0,954919
2.1379486419445124E8,23751.0,955381
2.1379412738016334E8,23751.0,955384
2.137177083527993E8,23766.0,955955
2.1369103660823035E8,23766.0,956046
2.1367536549387282E8,23766.0,956062
2.1319904097078815E8,23766.0,956093
2.131949833900369E8,23766.0,956119
2.1313011848698714E8,23782.0,956422
2.1311503461948696E8,23782.0,956485
2.130879935383082E8,23782.0,956662
2.1308730647205338E8,23782.0,956677
2.1304844320216414E8,23782.0,956690
2.1304441820261192E8,23798.0,956996
2.1303920721963975E8,23798.0,957261
2.1303081345331225E8,23798.0,957319
2.1302130707119095E8,23798.0,957368
2.12849491440573E8,23798.0,957559
2.128483370446617E8,23813.0,957778
2.127352168955801E8,23813.0,957818
2.1271866774893063E8,23813.0,958304
2.1269897562643224E8,23845.0,959501
2.126859345086083E8,23845.0,959551
2.1268072474578705E8,23845.0,959639
2.1263905219122368E8,23845.0,959648
2.1263236268645734E8,23860.0,960214
2.126120786457913E8,23860.0,960219
2.125555230944456E8,23860.0,960337
2.1252578510739487E8,23876.0,960561
2.1251548837668628E8,23876.0,960588
2.1251410716277948E8,23876.0,960597
2.1251020945155665E8,23876.0,960618
2.1250350245683715E8,23876.0,960719
2.1243434484660697E8,23876.0,960888
2.1241193316192687E8,23876.0,961099
2.1239296220438218E8,23891.0,961328
2.1232468066058922E8,23891.0,961461
2.1226335357886535E8,23891.0,961556
2.1224068348034856E8,23891.0,961782
2.122295863348122E8,23891.0,961809
2.1222827274326265E8,23907.0,962022
2.1222710008248478E8,23907.0,962030
2.1219794124283117E8,23907.0,962522
2.1219108750519466E8,23907.0,962573
2.1218885066551536E8,23923.0,962640
2.120267070070594E8,23923.0,962648
2.1202602430217618E8,23923.0,962748
2.1199664414630917E8,23923.0,962974
2.1196132025163075E8,23938.0,963675
2.1191663072268122E8,23938.0,963731
2.1189918150507417E8,23938.0,963780
2.1188222133742586E8,23938.0,963882
2.1186626415957242E8,23985.0,966004
2.1185184567413908E8,24001.0,966139
2.1181956774485463E8,24001.0,966197
2.118134303446446E8,24001.0,966339
2.118040813908586E8,24001.0,966665
2.1180338431479478E8,24001.0,966691
2.1179983858495554E8,24001.0,966741
2.1179591613979563E8,24016.0,966870
2.1179229452053386E8,24016.0,967040
2.1179077522488213E8,24016.0,967248
2.117531453624709E8,24032.0,967712
2.117328036174675E8,24032.0,967761
2.1160605280382767E8,24032.0,967855
2.1154944715403458E8,24032.0,967864
2.1154329001890382E8,24032.0,967897
2.1153064187081614E8,24032.0,967937
2.1152402965535387E8,24048.0,968299
2.11519386107922E8,24063.0,969013
2.1150479005712444E8,24079.0,970057
2.1148237405340835E8,24095.0,970202
2.1147345041288114E8,24095.0,970280
2.114688907688801E8,24095.0,970390
2.1143820946412635E8,24095.0,970570
2.114302852879101E8,24095.0,970674
2.1142503823237607E8,24095.0,970708
2.1128953119417045E8,24095.0,970758
2.1126241719375226E8,24110.0,970832
2.112338885745389E8,24110.0,971108
2.1119990836465544E8,24110.0,971141
2.1119640950593933E8,24110.0,971153
2.1118806168489847E8,24110.0,971401
2.1117456300119552E8,24110.0,971407
2.1116255876289928E8,24110.0,971450
2.111444389761967E8,24126.0,971504
2.1106141713688263E8,24126.0,971587
2.1098924590368E8,24141.0,972462
2.1098903513498273E8,24141.0,972486
2.1097829329161295E8,24173.0,974045
2.109781786168043E8,24173.0,974063
2.109210532548103E8,24173.0,974086
2.1086896788806838E8,24188.0,974507
2.1086035938335368E8,24188.0,974516
2.1084362254780647E8,24188.0,974547
2.108334055365697E8,24188.0,974781
2.107576434343795E8,24204.0,974946
2.1075404322073516E8,24204.0,974973
2.1072937160586688E8,24204.0,974984
2.1071012266902077E8,24204.0,975116
2.1069189123832467E8,24204.0,975134
2.1068632831410977E8,24204.0,975277
2.1065910237413305E8,24204.0,975298
2.1060855714905378E8,24204.0,975425
2.1059845181459132E8,24204.0,975430
2.1058939625681663E8,24204.0,975435
2.1056133617655373E8,24220.0,975481
2.1054511209025678E8,24220.0,976114
2.1053825090200526E8,24220.0,976123
2.1052944058089787E8,24235.0,976211
2.1050749704604968E8,24235.0,976230
2.1047785643273145E8,24235.0,976245
2.1046173861605984E8,24235.0,976262
2.104511501538437E8,24235.0,976280
2.10447100156599E8,24235.0,976471
2.1042154465119752E8,24235.0,976486
2.1039153313433632E8,24235.0,976496
2.1026972024096715E8,24251.0,976844
2.102390339449839E8,24251.0,976970
2.102301420685129E8,24251.0,976972
2.1022317326692143E8,24251.0,976978
2.1020982644776788E8,24251.0,977087
2.1020051979779556E8,24251.0,977121
2.1019274935177666E8,24251.0,977134
2.1016991545144594E8,24251.0,977188
2.101658832473126E8,24251.0,977210
2.100924092285741E8,24266.0,977509
2.09944619487455E8,24266.0,977511
2.0994423433268064E8,24266.0,977607
2.0989520416891432E8,24266.0,977614
2.0988052772317046E8,24266.0,977684
2.0984914630128586E8,24266.0,977692
2.098371036364495E8,24266.0,977741
2.0981679794517982E8,24266.0,977832
2.0972341529506144E8,24266.0,978079
2.097227461642758E8,24266.0,978146
2.097142938553686E8,24282.0,978234
2.0971060876241094E8,24282.0,978244
2.0970544046652284E8,24282.0,978800
2.0967424465177885E8,24282.0,978848
2.0960191077075443E8,24298.0,979230
2.095855542562962E8,24313.0,980091
2.0952629316885734E8,24313.0,980177
2.0946872522064695E8,24329.0,980261
2.0946029856628937E8,24329.0,980312
2.0945502784557733E8,24329.0,980317
2.0945101376642534E8,24329.0,980536
2.0942721212308332E8,24329.0,980662
2.0942115453874978E8,24329.0,980831
2.0940888407136616E8,24329.0,980879
2.0939131163907802E8,24345.0,981189
2.0938076232723385E8,24345.0,981195
2.093714436411396E8,24360.0,982189
2.093711465357324E8,24391.0,982946
2.0936067211573225E8,24391.0,983098
2.091677808231925E8,24391.0,983523
2.0916341641905677E8,24407.0,983967
2.0903792514606434E8,24407.0,984032
2.090309274733699E8,24407.0,984198
2.0901728207628715E8,24423.0,984364
2.0901707157825214E8,24423.0,984386
2.090162773354055E8,24423.0,984389
2.089814787168868E8,24423.0,984392
2.0895434445157003E8,24423.0,984528
2.089311261390927E8,24423.0,984704
2.0893077006773335E8,24423.0,984818
2.0890328658649075E8,24423.0,984832
2.08861729882671E8,24423.0,984943
2.0882223329667664E8,24438.0,985003
2.0882129488204172E8,24438.0,985143
2.0877865016388482E8,24438.0,985209
2.087700917923652E8,24438.0,985638
2.087396809056629E8,24438.0,985641
2.086935057100356E8,24454.0,985949
2.0863192510615405E8,24454.0,986099
2.0863124366791558E8,24454.0,986121
2.0862497300597367E8,24454.0,986182
2.0859030278734353E8,24470.0,986853
2.0855234420388457E8,24485.0,987147
2.0846793207396233E8,24485.0,987247
2.084543185402187E8,24485.0,987292
2.0836750790581802E8,24485.0,987558
2.08348027462595E8,24501.0,987823
2.0833960729837888E8,24501.0,987870
2.0833923417669183E8,24501.0,987999
2.0833358422102988E8,24501.0,988153
2.0832287854210016E8,24501.0,988162
2.0822888660428938E8,24501.0,988252
2.0820815337792677E8,24516.0,988577
2.0817118395395514E8,24516.0,988950
2.081208129915458E8,24532.0,989295
2.080952935246386E8,24532.0,989387
2.0809308496983725E8,24532.0,989388
2.0807655195829767E8,24532.0,989531
2.0807419918526298E8,24548.0,990340
2.080400979674014E8,24548.0,990346
2.0799425427327305E8,24563.0,990987
2.0789656652569932E8,24563.0,991027
2.0789366801682338E8,24579.0,991281
2.078885427331842E8,24579.0,991285
2.0788663473673007E8,24579.0,991418
2.0788070854502225E8,24579.0,991429
2.0788065429605094E8,24579.0,991612
2.0787105044667453E8,24579.0,991623
2.078222799125535E8,24579.0,991700
2.07797399461579E8,24595.0,992159
2.0775804023791516E8,24595.0,992219
2.0775738337410647E8,24595.0,992341
2.07732051337596E8,24610.0,992429
2.0763875498186404E8,24610.0,992517
2.076038994209936E8,24610.0,992551
2.0760319437495282E8,24610.0,992637
2.07364986913048E8,24610.0,992697
2.07282535260977E8,24610.0,992864
2.0727833848031214E8,24626.0,993071
2.07265351367951E8,24626.0,993123
2.0721711558352733E8,24626.0,993180
2.0717302640075392E8,24641.0,993885
2.0716855750728852E8,24641.0,993981
2.071311650296184E8,24641.0,994023
2.071187949242142E8,24641.0,994069
2.0709867360044053E8,24641.0,994110
2.0708992358132708E8,24641.0,994141
2.0708825978916663E8,24641.0,994211
2.0708041319813415E8,24641.0,994340
2.070800484245263E8,24657.0,994896
2.0706037108971003E8,24657.0,994914
2.0689208146963805E8,24673.0,995366
2.0687807448949912E8,24673.0,995403
2.068457667474137E8,24673.0,995430
2.0676326615943825E8,24688.0,995750
2.0666164860467613E8,24688.0,995764
2.0648713491987497E8,24688.0,995774
2.0646903503449103E8,24688.0,996027
2.0646701819566637E8,24688.0,996061
2.064165215055879E8,24720.0,997091
2.0639908793287227E8,24720.0,997209
2.063927964466994E8,24720.0,997236
2.0639239552877423E8,24720.0,997275
2.063836143699124E8,24720.0,997342
2.0635857224924058E8,24720.0,997400
2.0634360477304357E8,24720.0,997427
2.063416097448517E8,24720.0,997565
2.0630671512726456E8,24735.0,997886
2.062995391629514E8,24735.0,997954
2.0627670336564675E8,24751.0,998060
2.062691657424676E8,24751.0,998472
2.062369227088411E8,24751.0,998498
2.061419235385788E8,24751.0,998696
2.061082196622317E8,24767.0,998796
2.0608202912995103E8,24782.0,999359
2.0607212956201145E8,24782.0,999435
2.0606813319531983E8,24798.0,1000195
2.0603546517765126E8,24798.0,1000241
2.0603373431108105E8,24813.0,1000688
2.0600568037556535E8,24813.0,1000701
2.0599459364373055E8,24813.0,1001001
2.0599417808250114E8,24813.0,1001006
2.059676811357478E8,24813.0,1001016
2.059648969717841E8,24829.0,1001283
2.0590558821034676E8,24829.0,1001309
2.0589743653372338E8,24829.0,1001315
2.0589279404642016E8,24829.0,1001318
2.0588162140023738E8,24829.0,1001326
2.0587361618957543E8,24829.0,1001339
2.058168744539922E8,24829.0,1001361
2.057736075545568E8,24829.0,1001403
2.0566124733234054E8,24829.0,1001406
2.0565587489224035E8,24829.0,1001510
2.0564891242522845E8,24829.0,1001630
2.0564490039047796E8,24829.0,1001918
2.0563098347197133E8,24845.0,1001962
2.055866585457994E8,24876.0,1003365
2.0556055073038766E8,24876.0,1003450
2.0552995706025007E8,24876.0,1003642
2.0552443233513057E8,24876.0,1003725
2.0532103002376387E8,24876.0,1003903
2.053061341485055E8,24892.0,1004046
2.0529986833783486E8,24892.0,1004175
2.052967331239872E8,24892.0,1004305
2.0529620621590713E8,24892.0,1004450
2.0527900246151134E8,24892.0,1004479
2.0527708910425746E8,24892.0,1004483
2.0522977766565764E8,24892.0,1004504
2.0520143261236563E8,24892.0,1004543
2.051961754662055E8,24907.0,1004716
2.0518367583593234E8,24907.0,1005044
2.0517464632020894E8,24907.0,1005271
2.051275322078955E8,24907.0,1005280
2.05072155535799E8,24907.0,1005289
2.0504270237360737E8,24923.0,1005347
2.0504053953759176E8,24923.0,1005386
2.050239382638757E8,24923.0,1005422
2.050212276085967E8,24923.0,1005500
2.0464183747721964E8,24938.0,1006066
2.0464002292050743E8,24938.0,1006247
2.046265774584846E8,24938.0,1006400
2.0461300188244838E8,24938.0,1006429
2.0457581591788322E8,24938.0,1006552
2.045753255737265E8,24938.0,1006578
2.0457219850426453E8,24954.0,1006797
2.0457166175151685E8,24954.0,1006891
2.045715716505901E8,24954.0,1006997
2.0455907519513354E8,24954.0,1007057
2.0455575360430276E8,24954.0,1007177
2.0455182861204162E8,24970.0,1007444
2.0448500083681977E8,24970.0,1007456
2.0448441404167792E8,24970.0,1007493
2.0442084496758756E8,24970.0,1007572
2.0421324543488675E8,25001.0,1009126
2.0420528151240048E8,25001.0,1009143
2.0419276443340144E8,25017.0,1009417
2.0418641865361285E8,25017.0,1009474
2.0417200090692505E8,25017.0,1009752
2.0416946485137427E8,25017.0,1009832
2.041606503883908E8,25017.0,1009857
2.0413362960255617E8,25017.0,1009873
2.0408739250327596E8,25017.0,1009879
2.040020693301601E8,25032.0,1010103
2.0395819150088042E8,25032.0,1010187
2.0393672757211646E8,25032.0,1010302
2.0392079100512835E8,25063.0,1011581
2.0388636789830527E8,25063.0,1011640
2.038402811497731E8,25063.0,1011710
2.0383863911390576E8,25063.0,1011812
2.0381976574240634E8,25063.0,1011842
2.0377592382387725E8,25063.0,1011907
2.0377537230793092E8,25063.0,1011970
2.0371626178788084E8,25079.0,1012504
2.0371512117291743E8,25079.0,1012556
2.037124898886115E8,25079.0,1012622
2.0368443051164836E8,25095.0,1012998
2.034150274392671E8,25095.0,1013367
2.0340808982852837E8,25110.0,1013617
2.034026270854175E8,25110.0,1013625
2.0339583057815424E8,25110.0,1013736
2.03384511789834E8,25110.0,1013770
2.033798976739931E8,25110.0,1013798
2.033496613166376E8,25110.0,1013854
2.0334258586969528E8,25110.0,1014026
2.033373909095006E8,25110.0,1014047
2.033308972384888E8,25126.0,1014220
2.0332668601058674E8,25126.0,1014285
2.03260310879984E8,25126.0,1014495
2.0325146977257168E8,25126.0,1014583
2.0314850806950462E8,25126.0,1014701
2.031250472333268E8,25142.0,1014896
2.0311739639592364E8,25142.0,1014943
2.031135057565148E8,25142.0,1014969
2.0310875606344837E8,25142.0,1015046
2.0309371111658385E8,25142.0,1015074
2.030610507549742E8,25142.0,1015192
2.0304227185545048E8,25142.0,1015441
2.0301355889764428E8,25142.0,1015472
2.030049577587516E8,25157.0,1015564
2.0298499482245305E8,25157.0,1015671
2.0294155575857696E8,25157.0,1015687
2.028691743904058E8,25157.0,1015775
2.0282182676026163E8,25157.0,1016005
2.0281655301606354E8,25157.0,1016095
2.027947376950318E8,25173.0,1016178
2.0276106486217576E8,25173.0,1016506
2.0273622701146033E8,25173.0,1016672
2.0263684995703778E8,25188.0,1017133
2.0262538006617367E8,25188.0,1017396
2.025920288308514E8,25188.0,1017404
2.0257002764173105E8,25204.0,1017725
2.0255443733443028E8,25204.0,1017888
2.025521346073237E8,25204.0,1017945
2.0254057549205315E8,25220.0,1018692
2.0252165141780034E8,25220.0,1018711
2.0249866100703633E8,25220.0,1018736
2.0244374641301933E8,25267.0,1020117
2.0244193854841495E8,25267.0,1020308
2.0243735540061122E8,25267.0,1020330
2.023988080347557E8,25267.0,1020520
2.0239120271297398E8,25267.0,1020531
2.023636528510324E8,25267.0,1020567
2.023592935304825E8,25267.0,1020733
2.023318447882361E8,25282.0,1021176
2.023315178487352E8,25282.0,1021219
2.0231705565882394E8,25282.0,1021431
2.0231278116782725E8,25298.0,1021480
2.023093924076931E8,25298.0,1022078
2.0230484633149153E8,25313.0,1022452
2.0228459657755724E8,25313.0,1022461
2.0216759217321026E8,25313.0,1022569
2.0216651845886612E8,25313.0,1022614
2.021206010928335E8,25313.0,1022637
2.021068829113001E8,25313.0,1022668
2.0201659163508582E8,25329.0,1022813
2.018935128615951E8,25329.0,1022890
2.0184863066629618E8,25329.0,1022971
2.0182633281617725E8,25329.0,1023016
2.0177602112238494E8,25329.0,1023161
2.016304087396576E8,25329.0,1023264
2.0162435504250163E8,25329.0,1023367
2.0161143975037202E8,25345.0,1023607
2.0160554793184742E8,25345.0,1023616
2.014772269313754E8,25345.0,1023621
2.013744817807833E8,25345.0,1023910
2.013572871140814E8,25360.0,1024155
2.013483968737795E8,25360.0,1024369
2.0130323633995315E8,25360.0,1024374
2.0129830068725017E8,25360.0,1024387
2.0118818409850767E8,25360.0,1024404
2.0117929731924933E8,25376.0,1025101
2.009130467804607E8,25376.0,1025249
2.008902738033049E8,25376.0,1025328
2.0088694881930774E8,25376.0,1025348
2.0088606090564552E8,25392.0,1025961
2.0074517403743628E8,25392.0,1025989
2.0073428606088728E8,25407.0,1026444
2.0073015709649032E8,25423.0,1027053
2.0070885385834885E8,25438.0,1027438
2.0070747981957737E8,25438.0,1027734
2.007051760355368E8,25438.0,1027833
2.0070335584830078E8,25438.0,1027924
2.0070148812906852E8,25454.0,1028024
2.006907796062629E8,25454.0,1028031
2.0066612869151908E8,25454.0,1028221
2.0063985206078643E8,25454.0,1028280
2.0062842821430165E8,25454.0,1028350
2.0062350027796423E8,25454.0,1028353
2.0060619487934786E8,25470.0,1028708
2.00571654833623E8,25470.0,1028926
2.0056697537687033E8,25501.0,1030421
2.0056486357326725E8,25501.0,1030588
2.005471624081969E8,25501.0,1030671
2.005360287072418E8,25517.0,1030758
2.0031435373726162E8,25517.0,1030777
2.0030627374734885E8,25517.0,1031080
2.002871866439963E8,25532.0,1031671
2.0028672578564727E8,25532.0,1031676
2.0028657056786275E8,25548.0,1032280
2.002652739738385E8,25548.0,1032331
2.0026496973788202E8,25548.0,1032426
2.0022737691744232E8,25548.0,1032523
2.0018129204945195E8,25548.0,1032672
2.00177145525869E8,25563.0,1032826
2.0017691153724498E8,25579.0,1033535
2.001700385149832E8,25579.0,1033812
2.0016785186124557E8,25579.0,1034028
2.0016169278557625E8,25579.0,1034152
2.001023190699119E8,25579.0,1034179
2.001010306241411E8,25595.0,1034483
2.0009800967574555E8,25595.0,1034501
2.000943739413529E8,25595.0,1034587
2.0009114332250738E8,25610.0,1034921
2.0008324177604073E8,25610.0,1035004
2.0007831092188114E8,25610.0,1035016
2.0005653196449304E8,25610.0,1035018
2.0003726910525882E8,25610.0,1035229
2.0003445678161725E8,25610.0,1035382
2.0000985368512955E8,25610.0,1035511
2.000028722480273E8,25610.0,1035520
1.999617044699637E8,25626.0,1035965
1.9996160412314385E8,25626.0,1036195
1.9981000942610094E8,25626.0,1036202
1.9977001141851786E8,25642.0,1036391
1.9976736107456255E8,25642.0,1036429
1.9973001457905197E8,25642.0,1036573
1.9972527850161648E8,25642.0,1036590
1.9962420260345668E8,25657.0,1037389
1.996185376158003E8,25673.0,1037977
1.9959794991413483E8,25673.0,1038025
1.9959615542247722E8,25673.0,1038118
1.994108987586849E8,25673.0,1038182
1.9938686346561414E8,25688.0,1038759
1.9938144217779306E8,25688.0,1038899
1.9937663518686593E8,25688.0,1038903
1.9937112363899773E8,25688.0,1039009
1.993625477340206E8,25688.0,1039061
1.993621074890217E8,25704.0,1039226
1.993610591486139E8,25704.0,1039233
1.9935723920849028E8,25704.0,1039310
1.9935160737152803E8,25704.0,1039468
1.9934926547917634E8,25704.0,1039569
1.992820397155331E8,25720.0,1039860
1.992369671270716E8,25720.0,1039881
1.9923181558901083E8,25720.0,1039902
1.991279878180616E8,25720.0,1040158
1.9912506301568064E8,25720.0,1040359
1.991022612417881E8,25720.0,1040417
1.99091152497879E8,25720.0,1040508
1.9908516323843774E8,25735.0,1040610
1.99013262677555E8,25735.0,1040826
1.989759942176477E8,25751.0,1041325
1.989476762173448E8,25767.0,1041953
1.9894224625899047E8,25767.0,1042099
1.9892748677241898E8,25767.0,1042497
1.9891789360864398E8,25782.0,1042682
1.9887605588366827E8,25782.0,1042992
1.9887107929536027E8,25782.0,1043095
1.9886861259104052E8,25782.0,1043201
1.9886701953148603E8,25782.0,1043260
1.9884359006016642E8,25798.0,1043551
1.988304470384283E8,25798.0,1043597
1.9868520003219846E8,25798.0,1043609
1.9866450500827017E8,25813.0,1044091
1.98658450843029E8,25813.0,1044106
1.9863846033468157E8,25813.0,1044112
1.986018320971582E8,25813.0,1044328
1.985873504170851E8,25829.0,1044805
1.9857558622339922E8,25829.0,1044813
1.9855049818466303E8,25829.0,1044844
1.985316530232723E8,25829.0,1044970
1.98529575288789E8,25829.0,1044992
1.9849138473162955E8,25829.0,1045308
1.984749223037441E8,25845.0,1045472
1.9847108020136693E8,25845.0,1045515
1.9837301345501667E8,25845.0,1045887
1.98355847258287E8,25860.0,1046260
1.9817124098883432E8,25860.0,1046322
1.9815384592603606E8,25860.0,1046461
1.9814940751989967E8,25860.0,1046545
1.981492238639762E8,25860.0,1046571
1.9814916632147187E8,25860.0,1046711
1.9813513605627966E8,25876.0,1046790
1.980800972415429E8,25876.0,1046901
1.9799379826325765E8,25876.0,1046941
1.9799297868870664E8,25876.0,1047326
1.9796625058162326E8,25892.0,1048028
1.9796387236466318E8,25907.0,1048205
1.9795151534394684E8,25907.0,1048315
1.9794899150572914E8,25907.0,1048452
1.9794247085226437E8,25907.0,1048524
1.9793745821360505E8,25907.0,1048537
1.9793655489818454E8,25907.0,1048667
1.9793317707250696E8,25938.0,1049586
1.979321315980355E8,25938.0,1049641
1.978698195234322E8,25938.0,1049739
1.9785754217221692E8,25938.0,1049837
1.9785377391984606E8,25954.0,1050178
1.9783962872720724E8,25954.0,1050369
1.9780335348410177E8,25954.0,1050493
1.977313891502908E8,25970.0,1050987
1.977230822064759E8,25970.0,1051044
1.976187124629796E8,25970.0,1051073
1.9761382427386433E8,25970.0,1051134
1.97605483744075E8,25985.0,1051539
1.9758703099130732E8,25985.0,1051721
1.9758449744556743E8,25985.0,1051782
1.9753211791720408E8,25985.0,1051788
1.975085343183786E8,25985.0,1051823
1.9750288734092104E8,25985.0,1051900
1.9749636298386487E8,25985.0,1051944
1.972818520711659E8,25985.0,1051998
1.9728004844560644E8,25985.0,1052017
1.972761076749612E8,26001.0,1052260
1.9727083713292563E8,26001.0,1052415
1.972165162744648E8,26001.0,1052488
1.972145343389277E8,26001.0,1052775
1.9721256276401743E8,26017.0,1053214
1.971516320509869E8,26017.0,1053374
1.9710475441279647E8,26032.0,1053787
1.9704504294443008E8,26032.0,1053812
1.970391175941E8,26032.0,1053828
1.970251550915745E8,26032.0,1054013
1.969946565613542E8,26048.0,1054141
1.9698794292003945E8,26048.0,1054154
1.9698137536502102E8,26079.0,1055863
1.9697805357421488E8,26079.0,1056112
1.969664698164729E8,26095.0,1056297
1.9696214226874915E8,26095.0,1056506
1.969214096958551E8,26095.0,1056781
1.9691610418319348E8,26110.0,1056877
1.9686560014478967E8,26126.0,1057764
1.9675557045054874E8,26126.0,1057805
1.9675371783420506E8,26126.0,1057921
1.9670070303808218E8,26126.0,1057975
1.96602156671403E8,26142.0,1058076
1.965786331428243E8,26142.0,1058247
1.965738582130306E8,26142.0,1058252
1.96571627964447E8,26142.0,1058348
1.9656116462118295E8,26142.0,1058630
1.9652436583607486E8,26142.0,1058631
1.9651220695873138E8,26157.0,1058827
1.964879769023385E8,26157.0,1058845
1.964730297965966E8,26157.0,1058847
1.9647302839754385E8,26157.0,1058918
1.9644734259069642E8,26157.0,1059008
1.9638953708864778E8,26157.0,1059140
1.963750135212756E8,26157.0,1059265
1.96372755611414E8,26173.0,1059411
1.963717498683866E8,26173.0,1059566
1.9635656450832266E8,26173.0,1059920
1.9635562347340417E8,26189.0,1060090
1.9628902400678664E8,26189.0,1060175
1.962431680806861E8,26189.0,1060195
1.9622278948859674E8,26189.0,1060364
1.9620017314728144E8,26204.0,1060817
1.961857902582479E8,26204.0,1060950
1.961654028163279E8,26204.0,1061120
1.961641601509896E8,26204.0,1061149
1.9615621946433058E8,26204.0,1061151
1.961557989602753E8,26220.0,1061437
1.9614872523457286E8,26220.0,1061463
1.9614789880942762E8,26220.0,1061483
1.961243965848861E8,26220.0,1061697
1.9609463403053564E8,26220.0,1061705
1.960844461708332E8,26220.0,1061956
1.960785215707255E8,26220.0,1062007
1.9605737792524123E8,26235.0,1062062
1.960280469185145E8,26235.0,1062589
1.9582599180420128E8,26251.0,1063109
1.958176181352246E8,26251.0,1063209
1.9580607646822986E8,26251.0,1063237
1.958043767124683E8,26251.0,1063249
1.9580305388840142E8,26267.0,1063370
1.9576144120212975E8,26267.0,1063449
1.9570220705165598E8,26267.0,1063474
1.9570081615346178E8,26298.0,1064814
1.9563935489958435E8,26298.0,1065018
1.9560498782596293E8,26298.0,1065041
1.9560265890152836E8,26314.0,1065331
1.9559863514478725E8,26314.0,1065392
1.9557768992360786E8,26314.0,1065396
1.9557455223616138E8,26329.0,1066319
1.9553420541771913E8,26329.0,1066377
1.9551470523959616E8,26345.0,1066742
1.955139333739517E8,26345.0,1066773
1.9543612145435938E8,26345.0,1066846
1.9541617771702924E8,26345.0,1066879
1.953832457426015E8,26345.0,1066949
1.9536732568480992E8,26345.0,1066996
1.9536668633689976E8,26345.0,1067181
1.9536051042099902E8,26360.0,1067421
1.9535818265980044E8,26360.0,1067548
1.9535602866683796E8,26360.0,1067587
1.9535555883413637E8,26360.0,1067728
1.953430823610911E8,26360.0,1067731
1.9532452435524473E8,26376.0,1067886
1.953244824150234E8,26376.0,1067924
1.953186026478904E8,26376.0,1068155
1.9530830016144603E8,26376.0,1068174
1.9528279025127333E8,26376.0,1068356
1.9526755915883833E8,26376.0,1068414
1.9526421906453994E8,26392.0,1069120
1.9526028923095092E8,26407.0,1069235
1.95241325588045E8,26407.0,1069357
1.952026256526951E8,26407.0,1069627
1.9520104960849863E8,26407.0,1069688
1.95199326401563E8,26423.0,1069927
1.9519695777010864E8,26423.0,1070037
1.9519273904697746E8,26423.0,1070405
1.9519174343444654E8,26423.0,1070417
1.951867005016368E8,26423.0,1070437
1.951745553002404E8,26423.0,1070455
1.951368545477847E8,26439.0,1070539
1.9508567469989753E8,26470.0,1071898
1.950825212230922E8,26485.0,1072399
1.950482084207409E8,26485.0,1072418
1.9504333149110252E8,26485.0,1072624
1.9503772441892123E8,26485.0,1072787
1.950211786835817E8,26485.0,1072905
1.9500161934414607E8,26501.0,1073236
1.9499707327166975E8,26501.0,1073269
1.94994824734384E8,26501.0,1073518
1.9497309324069047E8,26501.0,1073560
1.9492221192217213E8,26517.0,1074224
1.9491716271141082E8,26532.0,1074598
1.9490422783031374E8,26532.0,1074904
1.948509988655272E8,26548.0,1075242
1.9467743729572052E8,26548.0,1075497
1.9467687318625486E8,26548.0,1075505
1.9466401687151408E8,26564.0,1075858
1.9463138054090554E8,26564.0,1076090
1.9451736594238E8,26595.0,1077107
1.945083906815644E8,26595.0,1077160
1.9450515690825987E8,26595.0,1077431
1.9450234183910167E8,26595.0,1077488
1.944636483015056E8,26626.0,1078644
1.944516574620292E8,26626.0,1078695
1.944415106473829E8,26642.0,1078890
1.9443678509609082E8,26642.0,1078946
1.944304787120601E8,26642.0,1079041
1.944240161097363E8,26642.0,1079131
1.9439209745612755E8,26642.0,1079214
1.9437632101433623E8,26642.0,1079475
1.9437588567639247E8,26657.0,1079565
1.9437580203880468E8,26657.0,1079570
1.943145136555806E8,26657.0,1079605
1.9424713609359103E8,26657.0,1079995
1.9422083497071412E8,26673.0,1080335
1.9422048468837222E8,26673.0,1080667
1.9398842448215342E8,26689.0,1081290
1.939767005001562E8,26689.0,1081414
1.9394472686636648E8,26689.0,1081415
1.9394445624011642E8,26704.0,1081515
1.9393547827763835E8,26704.0,1081543
1.9391466477268317E8,26704.0,1081609
1.9391377654445636E8,26720.0,1082223
1.9389985042461094E8,26720.0,1082238
1.9389629460974765E8,26720.0,1082356
1.9389364689431968E8,26720.0,1082582
1.9384128318343002E8,26735.0,1082983
1.938311112065583E8,26751.0,1083456
1.9383048487854075E8,26751.0,1083511
1.9382623755802155E8,26767.0,1084232
1.938217007717597E8,26782.0,1084571
1.938213159913624E8,26782.0,1084725
1.9380191385664755E8,26782.0,1084755
1.9377839387832215E8,26782.0,1084807
1.9377210624013636E8,26782.0,1084903
1.937719948239888E8,26798.0,1085190
1.937168199549965E8,26814.0,1085815
1.9371657484992495E8,26814.0,1085880
1.93623634029883E8,26814.0,1086036
1.9361060243493238E8,26814.0,1086138
1.936066425782141E8,26814.0,1086347
1.935767056989489E8,26845.0,1087062
1.93571477322709E8,26845.0,1087158
1.9357079535239705E8,26845.0,1087196
1.9342325415061513E8,26845.0,1087217
1.934229878172461E8,26845.0,1087483
1.9342045767496458E8,26860.0,1087610
1.9333340497827128E8,26860.0,1088168
1.932537968197615E8,26892.0,1088934
1.9323251138927472E8,26892.0,1089157
1.9323065520212397E8,26907.0,1089406
1.932223452260082E8,26907.0,1089528
1.9317584602969274E8,26907.0,1089634
1.9317559992453882E8,26907.0,1089641
1.9315753843136862E8,26907.0,1089896
1.9315383214680627E8,26923.0,1090041
1.931538272734942E8,26923.0,1090089
1.931311748918995E8,26923.0,1090166
1.9312945416638508E8,26923.0,1090279
1.9309702661660123E8,26923.0,1090361
1.930946755082212E8,26923.0,1090634
1.9309448355127448E8,26939.0,1090757
1.930937723337091E8,26939.0,1091317
1.9308529685511348E8,26954.0,1091383
1.9308244952833316E8,26954.0,1091395
1.930818091392855E8,26954.0,1091426
1.9308014388943833E8,26954.0,1091574
1.9306698437657088E8,26954.0,1091716
1.9303348861589637E8,26985.0,1093231
1.9303021351832733E8,27001.0,1093285
1.9303005975483146E8,27001.0,1093587
1.9301652772775555E8,27001.0,1093812
1.930149349812354E8,27001.0,1093836
1.9300531764820608E8,27017.0,1093956
1.929947560890287E8,27017.0,1094048
1.929755647843303E8,27017.0,1094491
1.929737122069841E8,27032.0,1094715
1.9296177451905584E8,27032.0,1094747
1.92960835970964E8,27032.0,1094836
1.9295684059475556E8,27032.0,1095021
1.9295005889038125E8,27048.0,1095194
1.928675470024428E8,27048.0,1095319
1.9286737303491324E8,27048.0,1095516
1.9284827674881697E8,27048.0,1095556
1.9283553523687136E8,27064.0,1096143
1.9283058026203084E8,27079.0,1096171
1.9282987382289547E8,27079.0,1096531
1.9282806626786947E8,27079.0,1096766
1.928278709179095E8,27095.0,1096905
1.9281473391384584E8,27095.0,1097330
1.928107941732986E8,27095.0,1097410
1.9280771433894604E8,27110.0,1097434
1.9277772208052504E8,27110.0,1097523
1.9277473992020288E8,27110.0,1097638
1.927710590609699E8,27110.0,1097877
1.927629614103195E8,27110.0,1097940
1.9275399870317745E8,27126.0,1098123
1.927406208886327E8,27126.0,1098125
1.9274035424464637E8,27126.0,1098486
1.9271121546818447E8,27126.0,1098589
1.926764407916215E8,27126.0,1098618
1.924082319680267E8,27142.0,1098748
1.923529171991396E8,27142.0,1098750
1.9231303243975374E8,27173.0,1100352
1.9225688112884614E8,27173.0,1100598
1.9225421666224572E8,27173.0,1100624
1.9224277311123338E8,27173.0,1100658
1.9223124634602383E8,27189.0,1101112
1.9223009040938035E8,27189.0,1101141
1.922268322689301E8,27189.0,1101307
1.9222035088503122E8,27220.0,1102080
1.922131615879953E8,27220.0,1102111
1.9220767506659988E8,27220.0,1102594
1.9220746200976053E8,27220.0,1102685
1.92098726075568E8,27220.0,1102713
1.9209823537881777E8,27236.0,1102832
1.920693076625918E8,27236.0,1102840
1.91798869459979E8,27236.0,1103123
1.9179595649394512E8,27236.0,1103291
1.9177962622081268E8,27251.0,1103432
1.917757246359115E8,27251.0,1103434
1.9177537144437337E8,27251.0,1103595
1.915828886383272E8,27251.0,1103917
1.915814729445206E8,27251.0,1103960
1.9158121226420823E8,27267.0,1104404
1.9157963432398754E8,27267.0,1104630
1.914468418910829E8,27267.0,1104694
1.9143877784946987E8,27282.0,1104878
1.91433108798467E8,27282.0,1104975
1.9143280936453822E8,27282.0,1105100
1.9142168004960772E8,27282.0,1105376
1.914036460760476E8,27298.0,1105559
1.9139341641855735E8,27298.0,1105770
1.913816174651631E8,27298.0,1105832
1.9135640810138983E8,27298.0,1105888
1.9131134351904136E8,27329.0,1106885
1.91311116386834E8,27329.0,1106890
1.9130082770666748E8,27329.0,1107238
1.912895394532982E8,27329.0,1107336
1.9126018335061982E8,27345.0,1107586
1.9123708781224105E8,27345.0,1107731
1.9122971424860767E8,27345.0,1107841
1.9122923676811755E8,27345.0,1107888
1.9122859751164618E8,27345.0,1107952
1.911383540773825E8,27345.0,1107955
1.9113573693286857E8,27361.0,1108219
1.9113310132371524E8,27361.0,1108418
1.911085473140644E8,27361.0,1108735
1.911064917807739E8,27376.0,1108800
1.9106108161908296E8,27376.0,1108899
1.9105762916642314E8,27376.0,1108973
1.9101163646429262E8,27392.0,1109544
1.910095551712884E8,27392.0,1109724
1.9100347185714108E8,27407.0,1110313
1.910005317007568E8,27407.0,1110540
1.9099490899407184E8,27407.0,1110652
1.9099462675389805E8,27423.0,1111417
1.909455650725141E8,27439.0,1111489
1.9094405056213483E8,27439.0,1111609
1.9094356558623984E8,27439.0,1111806
1.909414658087723E8,27439.0,1111855
1.9094143707871822E8,27439.0,1111984
1.9093619414183137E8,27439.0,1112003
1.9093204403442532E8,27454.0,1112108
1.906406364450529E8,27454.0,1112708
1.9062574812273875E8,27470.0,1113251
1.9062270865457156E8,27470.0,1113399
1.905178459675807E8,27486.0,1113982
1.9051600182229453E8,27486.0,1113996
1.905145683656959E8,27486.0,1114036
1.905120086636293E8,27501.0,1114340
1.9049977599900934E8,27532.0,1115611
1.9049521014577207E8,27548.0,1116400
1.9038434140847138E8,27548.0,1116463
1.9038198981393716E8,27548.0,1116548
1.9035396018569747E8,27579.0,1117545
1.9035032836389977E8,27579.0,1117624
1.9031793967173412E8,27579.0,1117901
1.9031527380529806E8,27595.0,1118322
1.9031303675203827E8,27595.0,1118518
1.9031208857409543E8,27611.0,1118776
1.903067314221288E8,27611.0,1119065
1.9029653021616662E8,27611.0,1119116
1.9028437654297623E8,27642.0,1119794
1.902832780853037E8,27642.0,1120250
1.9023104865104413E8,27657.0,1120500
1.9021342378984994E8,27657.0,1120682
1.902116132552115E8,27673.0,1120982
1.9020556701270935E8,27673.0,1121095
1.9019704401583412E8,27673.0,1121216
1.9019393268235618E8,27673.0,1121557
1.9019089292453426E8,27689.0,1121636
1.9018939195682034E8,27689.0,1121660
1.901419400351464E8,27689.0,1121744
1.9013843914654893E8,27689.0,1122159
1.9013645068571627E8,27704.0,1122269
1.900966424377399E8,27720.0,1122887
1.9007497297922584E8,27720.0,1123034
1.9007350878956717E8,27736.0,1123404
1.8992897361581683E8,27736.0,1123502
1.8983178982251957E8,27736.0,1123675
1.8983151393613997E8,27736.0,1123839
1.8980840585251287E8,27736.0,1123871
1.8980647685418355E8,27751.0,1124116
1.8980066290508488E8,27751.0,1124191
1.897941262038831E8,27751.0,1124337
1.8975421492209768E8,27751.0,1124369
1.8975032068555093E8,27767.0,1124572
1.897456645602114E8,27767.0,1124637
1.8974278067898083E8,27767.0,1124796
1.8967532450242448E8,27767.0,1124799
1.8967213739519206E8,27767.0,1125093
1.896662918410444E8,27782.0,1125336
1.896605415867289E8,27782.0,1125396
1.896549141609791E8,27782.0,1125457
1.8965480346993703E8,27782.0,1125460
1.8964997943089947E8,27782.0,1125475
1.8964882927703887E8,27798.0,1126067
1.896133647724072E8,27814.0,1126656
1.8957114769344795E8,27829.0,1127272
1.895698864155121E8,27829.0,1127463
1.8956714337187633E8,27845.0,1127917
1.895211268012217E8,27845.0,1127933
1.8950046220340437E8,27845.0,1128240
1.894833483842935E8,27845.0,1128250
1.8948285824311256E8,27876.0,1129284
1.894345076305718E8,27876.0,1129299
1.894342579578633E8,27892.0,1129983
1.8942600531673655E8,27907.0,1130218
1.8941074184300926E8,27907.0,1130553
1.894093022558031E8,27923.0,1130876
1.893940587227577E8,27923.0,1131089
1.893891951694948E8,27923.0,1131216
1.8938061098451057E8,27923.0,1131326
1.8938008891005734E8,27939.0,1131768
1.8937921414138946E8,27939.0,1131834
1.893360538215313E8,27954.0,1132124
1.8933274413041484E8,27954.0,1132540
1.8932454125804746E8,27954.0,1132551
1.893227573556744E8,27970.0,1132757
1.8931392950659874E8,27986.0,1133933
1.8931245114289144E8,28001.0,1134117
1.8928161934300232E8,28001.0,1134210
1.8918455513914913E8,28001.0,1134247
1.8914440080887294E8,28017.0,1134715
1.89140162362628E8,28017.0,1134793
1.8913803468136272E8,28017.0,1135019
1.8913370047871488E8,28017.0,1135042
1.8912194964140928E8,28032.0,1135435
1.8910499721570086E8,28032.0,1135669
1.8910315783941522E8,28048.0,1135966
1.890884977704573E8,28048.0,1136240
1.890868815373602E8,28064.0,1136710
1.8908591240978795E8,28064.0,1136840
1.8904819197925407E8,28079.0,1137275
1.88967391154464E8,28079.0,1137530
1.889608745229598E8,28095.0,1137831
1.8894325960486886E8,28111.0,1138378
1.8892516280803913E8,28142.0,1139532
1.8892375768934444E8,28142.0,1139877
1.888918402194214E8,28142.0,1139930
1.888905657536601E8,28157.0,1140211
1.8889030413807884E8,28157.0,1140223
1.8887574325801834E8,28157.0,1140232
1.8887550507304645E8,28157.0,1140325
1.8887532437957975E8,28157.0,1140340
1.8886713994088173E8,28157.0,1140591
1.88866449680721E8,28173.0,1141250
1.888643978608156E8,28173.0,1141313
1.8885082423951885E8,28173.0,1141323
1.887832954735245E8,28189.0,1141945
1.8874503746667466E8,28204.0,1142119
1.88738610226506E8,28204.0,1142511
1.8873338000096324E8,28220.0,1142752
1.8871519092291254E8,28236.0,1143726
1.8865106464560845E8,28251.0,1144221
1.8860826119185236E8,28251.0,1144245
1.88594582886816E8,28251.0,1144306
1.885940881166684E8,28267.0,1144495
1.885878506827575E8,28267.0,1144663
1.8856038741960046E8,28267.0,1144923
1.8855813635735855E8,28267.0,1144993
1.884812982741444E8,28282.0,1145177
1.8841718363494906E8,28282.0,1145344
1.8838902402987856E8,28314.0,1146478
1.8838114903823808E8,28314.0,1146879
1.8837807673217243E8,28314.0,1146922
1.8837675900550961E8,28314.0,1147044
1.8835879877571428E8,28329.0,1147059
1.8835840751115146E8,28329.0,1147195
1.8835619892276734E8,28345.0,1147820
1.883549489895631E8,28345.0,1148165
1.8835349687719652E8,28361.0,1148459
1.883344473835089E8,28376.0,1149247
1.8831163708498654E8,28392.0,1149704
1.8831136070593137E8,28392.0,1149712
1.8830751797112972E8,28392.0,1149823
1.8830266638183823E8,28392.0,1149905
1.8829861067364368E8,28392.0,1150120
1.882351012253635E8,28407.0,1150370
1.882004511479819E8,28407.0,1150506
1.8809302422200128E8,28407.0,1150512
1.8806764685106942E8,28423.0,1150983
1.8806709331663093E8,28423.0,1151420
1.8806323677844158E8,28439.0,1151525
1.8805303389290848E8,28439.0,1151581
1.8802229717730215E8,28439.0,1151685
1.88008094633934E8,28439.0,1151736
1.8800357160660574E8,28439.0,1151787
1.8800286486266103E8,28439.0,1152061
1.879841472756228E8,28454.0,1152278
1.8798129229421487E8,28454.0,1152346
1.8796339626196876E8,28454.0,1152723
1.8791962582980767E8,28470.0,1152996
1.879151881754585E8,28470.0,1153244
1.8785413191404626E8,28470.0,1153380
1.8784143128318167E8,28486.0,1153906
1.8783821105375987E8,28501.0,1154490
1.8782742063727856E8,28517.0,1155124
1.8782496126622123E8,28533.0,1155355
1.877367610586782E8,28533.0,1155418
1.8773431547438112E8,28533.0,1155471
1.8773408435403728E8,28533.0,1155878
1.877313541493123E8,28548.0,1156026
1.8772329264955044E8,28548.0,1156416
1.8771259691977337E8,28564.0,1156739
1.8771193753439432E8,28564.0,1157015
1.8769551519468322E8,28579.0,1157344
1.876939340517348E8,28579.0,1157365
1.876172682626578E8,28579.0,1157754
1.876049646731784E8,28595.0,1157955
1.8758288700354755E8,28595.0,1158021
1.875712917153107E8,28595.0,1158115
1.8756901068119365E8,28595.0,1158412
1.8756547675373107E8,28595.0,1158433
1.875651850109714E8,28611.0,1158594
1.8756391722248527E8,28611.0,1159077
1.8755768156479692E8,28611.0,1159105
1.8755749849495524E8,28626.0,1159227
1.8755213384128702E8,28626.0,1159422
1.875517566006286E8,28626.0,1159498
1.8755121521812645E8,28626.0,1159659
1.875500015030709E8,28642.0,1160021
1.875368651108236E8,28642.0,1160180
1.8753235162039346E8,28658.0,1160520
1.8753110498337308E8,28658.0,1160521
1.8752916697750774E8,28658.0,1160620
1.8752325801413974E8,28673.0,1161050
1.8751389571686673E8,28673.0,1161073
1.8749525113039926E8,28673.0,1161278
1.8745408552586788E8,28673.0,1161433
1.874536348415269E8,28673.0,1161484
1.8743601573556966E8,28689.0,1161782
1.8743508575477874E8,28689.0,1161999
1.8739066987256536E8,28736.0,1162916
1.8738220074361804E8,28767.0,1164172
1.8738064053780365E8,28783.0,1164661
1.8736833189770168E8,28783.0,1164690
1.8734686159573814E8,28783.0,1164938
1.8734607071630594E8,28798.0,1165348
1.8734605274778846E8,28798.0,1165371
1.8733996980841556E8,28814.0,1165965
1.8733192119488493E8,28814.0,1166012
1.8727698443966517E8,28814.0,1166028
1.872744726232497E8,28814.0,1166029
1.8727126309997725E8,28814.0,1166281
1.872551255034025E8,28829.0,1166662
1.872550855678465E8,28876.0,1168468
1.8725322019626188E8,28908.0,1169883
1.872203413969309E8,28908.0,1170004
1.872188230294246E8,28908.0,1170035
1.8720746839526758E8,28923.0,1170316
1.8720352259342217E8,28923.0,1170492
1.8719414156867823E8,28923.0,1170531
1.8719313352685842E8,28939.0,1170780
1.871449951945661E8,28939.0,1171219
1.8713933959024128E8,28939.0,1171291
1.870468028293507E8,28970.0,1172451
1.8704501685159403E8,28970.0,1172452
1.870345280735925E8,28986.0,1172584
1.8699302001831648E8,28986.0,1172625
1.8699221290485E8,28986.0,1172671
1.869900858199928E8,28986.0,1172673
1.8697227263666075E8,28986.0,1172754
1.8696912498295483E8,28986.0,1172999
1.8695789536703345E8,28986.0,1173092
1.8695523009083024E8,29001.0,1173195
1.8694399492977953E8,29001.0,1173247
1.869262201283371E8,29001.0,1173586
1.8691817466023675E8,29033.0,1174389
1.8691387671445972E8,29033.0,1174567
1.869131352613623E8,29033.0,1174695
1.8690466716136298E8,29033.0,1174713
1.8689263878466418E8,29033.0,1174889
1.868882435008632E8,29048.0,1174988
1.868835840441131E8,29048.0,1175290
1.8685737585129917E8,29048.0,1175331
1.868479283251533E8,29064.0,1175882
1.868013169651836E8,29064.0,1175897
1.867928447923292E8,29079.0,1176554
1.867902269325103E8,29095.0,1176879
1.8678609196873546E8,29126.0,1178078
1.8677780659849304E8,29142.0,1178712
1.8677752477310836E8,29142.0,1178873
1.8677609499236807E8,29158.0,1179128
1.8671974826888496E8,29158.0,1179147
1.8668815464394394E8,29158.0,1179201
1.8667942775748175E8,29158.0,1179594
1.8666882083015484E8,29173.0,1179953
1.866634353920265E8,29173.0,1180115
1.8655771664934E8,29204.0,1181062
1.8651607554412383E8,29204.0,1181250
1.8650589305910704E8,29204.0,1181259
1.8646252776959017E8,29204.0,1181271
1.8644003524493918E8,29220.0,1181761
1.864124221786802E8,29236.0,1182339
1.8635170957940164E8,29251.0,1182811
1.863457568194579E8,29251.0,1182937
1.863219321888089E8,29251.0,1183211
1.8630194441000706E8,29251.0,1183354
1.8629880615394142E8,29283.0,1184440
1.8626098271446732E8,29298.0,1184981
1.862582312963731E8,29314.0,1185596
1.8620711054398295E8,29314.0,1185633
1.861950556672385E8,29329.0,1186018
1.8619399321773311E8,29329.0,1186174
1.861809819625745E8,29345.0,1186739
1.861798924411681E8,29345.0,1186871
1.8617987914415464E8,29345.0,1186952
1.8584649100113347E8,29361.0,1187101
1.858437703558807E8,29361.0,1187589
1.857811472468684E8,29376.0,1187673
1.857652265209969E8,29376.0,1188116
1.857504855095702E8,29392.0,1188357
1.8574704315674636E8,29392.0,1188475
1.8574634711997762E8,29408.0,1189456
1.8574609664696953E8,29408.0,1189467
1.857194936518474E8,29423.0,1189560
1.8570776714556912E8,29439.0,1190518
1.8570490380364892E8,29439.0,1190535
1.8570010747580084E8,29454.0,1191131
1.8569702347420475E8,29454.0,1191199
1.8569422604603288E8,29454.0,1191244
1.8568670583019885E8,29470.0,1191343
1.8568359813625365E8,29470.0,1191403
1.8567375008669358E8,29470.0,1191428
1.856225966174664E8,29470.0,1191597
1.8562093112483388E8,29470.0,1191687
1.8561605658060122E8,29501.0,1192691
1.856154999847069E8,29501.0,1192878
1.8556512750210226E8,29501.0,1192928
1.855603404594579E8,29501.0,1193152
1.8555677029460385E8,29533.0,1194030
1.855557136131439E8,29533.0,1194128
1.8554680226906258E8,29533.0,1194174
1.8549979207013628E8,29533.0,1194183
1.8549383139441428E8,29533.0,1194431
1.8549123223648673E8,29548.0,1194452
1.8543926326829368E8,29548.0,1194492
1.854388484533136E8,29548.0,1194655
1.8543760499232614E8,29564.0,1195098
1.8541562737137192E8,29564.0,1195100
1.8540557397826234E8,29564.0,1195369
1.8539469714959517E8,29579.0,1196020
1.8538657872274977E8,29579.0,1196150
1.853763038102741E8,29579.0,1196239
1.853689570430387E8,29595.0,1196464
1.853660779721797E8,29595.0,1196675
1.853645591146512E8,29595.0,1196763
1.8536370116739315E8,29611.0,1197240
1.8531893801799378E8,29611.0,1197303
1.8529719185758144E8,29611.0,1197466
1.8528838413562328E8,29626.0,1198002
1.8528327710180348E8,29642.0,1198701
1.8528298906375703E8,29673.0,1199713
1.8528185935883653E8,29673.0,1199949
1.8526855416378418E8,29689.0,1200458
1.8526214108376178E8,29689.0,1200582
1.8526097230590695E8,29705.0,1200764
1.8525954374059674E8,29705.0,1200774
1.8525897139394462E8,29705.0,1201093
1.8525258629055688E8,29720.0,1201352
1.8522483073934832E8,29720.0,1201418
1.852235905914223E8,29720.0,1201439
1.8522013462902552E8,29736.0,1202287
1.8517291922265735E8,29736.0,1202330
1.8516854570420364E8,29736.0,1202336
1.8516232436430487E8,29736.0,1202384
1.8516171472436216E8,29751.0,1202543
1.8516107091087034E8,29751.0,1202566
1.8513933303654444E8,29767.0,1203350
1.851328234599648E8,29783.0,1203768
1.851271156132877E8,29783.0,1204048
1.851255353425159E8,29798.0,1204814
1.850981024168408E8,29814.0,1205090
1.850775795440408E8,29814.0,1205112
1.849647796891529E8,29814.0,1205132
1.8492708272319064E8,29830.0,1205790
1.8492526279908103E8,29845.0,1206550
1.849176453368045E8,29861.0,1206781
1.8490850649392825E8,29876.0,1207309
1.8489678849450803E8,29892.0,1208462
1.8489508557700548E8,29908.0,1208619
1.8487854507190108E8,29923.0,1209472
1.848740328465811E8,29923.0,1209692
1.8482008570726082E8,29939.0,1209836
1.8481617012345925E8,29939.0,1210323
1.8481038029381362E8,29955.0,1210567
1.8479820953206098E8,29955.0,1210871
1.8474044013862473E8,29970.0,1211298
1.8473778625053814E8,29970.0,1211507
1.8473311593512744E8,29970.0,1211615
1.847274858768081E8,29986.0,1212037
1.8472336710286042E8,29986.0,1212063
1.847137862267234E8,30017.0,1213024
1.8470284876696452E8,30017.0,1213036
1.8469185246357316E8,30033.0,1213635
1.846883607098821E8,30048.0,1214223
1.8467228447018227E8,30048.0,1214730
1.8466752401938877E8,30080.0,1215529
1.8465386800552958E8,30080.0,1215711
1.84635756473535E8,30095.0,1216476
1.8462025890234065E8,30111.0,1217258
1.8452147665136325E8,30158.0,1218912
1.8451492197804478E8,30173.0,1219648
1.8451119487881947E8,30173.0,1219758
1.8450235762281132E8,30189.0,1220129
1.844986353958517E8,30189.0,1220400
1.844972605134756E8,30205.0,1220682
1.8449394051085252E8,30205.0,1220836
1.8448913354762256E8,30220.0,1221101
1.844845615257295E8,30220.0,1221182
1.844827828915176E8,30220.0,1221614
1.8447780166067043E8,30251.0,1222587
1.8444015021385473E8,30267.0,1222940
1.844383355935464E8,30267.0,1222942
1.8442034169987848E8,30267.0,1223139
1.8441257729078415E8,30283.0,1223474
1.844120953485314E8,30283.0,1223654
1.8441051391338134E8,30283.0,1223888
1.844086439058408E8,30283.0,1223956
1.8439382862650064E8,30283.0,1223991
1.8439302125815263E8,30298.0,1224203
1.8438754663053256E8,30298.0,1224291
1.8438518459616438E8,30298.0,1224442
1.8416201393349028E8,30314.0,1224764
1.84154116770509E8,30314.0,1225192
1.8414724646976164E8,30330.0,1225442
1.8414446722627538E8,30361.0,1226669
1.8413908749472117E8,30361.0,1227122
1.8413867741807866E8,30392.0,1228122
1.8413640966767392E8,30392.0,1228193
1.8413461382617545E8,30392.0,1228390
1.8410007227731892E8,30423.0,1229333
1.8409765844202122E8,30423.0,1229525
1.8409756825951493E8,30439.0,1229930
1.8409692043979615E8,30439.0,1230194
1.840939671057875E8,30470.0,1231371
1.8407676012806946E8,30486.0,1231832
1.840648390492738E8,30486.0,1232116
1.8404365646413893E8,30501.0,1232716
1.839894328823424E8,30501.0,1232721
1.8398655319048306E8,30517.0,1233092
1.8398613770875064E8,30517.0,1233374
1.839515716884279E8,30548.0,1234715
1.8395110644352612E8,30548.0,1234766
1.8394601627805594E8,30548.0,1234783
1.8390982620747393E8,30548.0,1234806
1.839064156983003E8,30580.0,1235739
1.839058427037315E8,30595.0,1236094
1.8389311963484934E8,30595.0,1236378
1.8388890230504832E8,30611.0,1236762
1.8388830756247184E8,30626.0,1237770
1.838767912508471E8,30658.0,1238761
1.8386920936854595E8,30658.0,1238915
1.838417684961446E8,30658.0,1239174
1.8381783006266266E8,30673.0,1239443
1.838178088695161E8,30689.0,1240028
1.8379192461365876E8,30705.0,1240773
1.8376192846248424E8,30705.0,1240901
1.8375922472873914E8,30767.0,1243500
1.837530000163198E8,30783.0,1244168
1.8375228123182863E8,30798.0,1244252
1.8375002106718916E8,30798.0,1244645
1.8373601021747148E8,30798.0,1244744
1.837321967480547E8,30814.0,1244962
1.8365451917862666E8,30814.0,1245341
1.8365414372893596E8,30814.0,1245513
1.836502639731797E8,30861.0,1247260
1.8365005754500467E8,30892.0,1248176
1.8364648249111012E8,30892.0,1248295
1.8364604972125426E8,30908.0,1248898
1.836390393457763E8,30908.0,1249003
1.836386890870158E8,30923.0,1249635
1.836130227014421E8,30955.0,1250086
1.836087465467925E8,30955.0,1250288
1.8360820993223208E8,30970.0,1251101
1.8359044216454852E8,30986.0,1251259
1.8358866110947868E8,30986.0,1251466
1.835883262734753E8,31002.0,1251789
1.8358050337093428E8,31002.0,1252204
1.8357841991377196E8,31017.0,1252606
1.835721239590944E8,31033.0,1253130
1.8351500156124762E8,31064.0,1254331
1.8350933005029622E8,31064.0,1254383
1.8350082345474055E8,31064.0,1254491
1.8347465868553567E8,31080.0,1255216
1.8336721527762294E8,31080.0,1255524
1.8335993623613966E8,31095.0,1255910
1.832780153770903E8,31127.0,1256903
1.8327455158822486E8,31127.0,1257151
1.8327141533717042E8,31142.0,1257737
1.8325980212319377E8,31142.0,1257891
1.8325948399303076E8,31173.0,1258866
1.8323168857420534E8,31173.0,1259037
1.831808701042082E8,31173.0,1259083
1.831660675578251E8,31205.0,1260007
1.831635352581839E8,31236.0,1261221
1.8315881533704126E8,31236.0,1261549
1.8314714233480546E8,31252.0,1262233
1.8313543971552688E8,31252.0,1262392
1.8311005767447752E8,31283.0,1263431
1.830729697664872E8,31314.0,1264342
1.830578069611872E8,31314.0,1264447
1.8305360193087527E8,31314.0,1264543
1.830225647405106E8,31314.0,1264744
1.8301847210359445E8,31330.0,1265508
1.8301488785335535E8,31361.0,1266512
1.8299889263829035E8,31361.0,1266612
1.829790313508016E8,31377.0,1267003
1.829241855263714E8,31392.0,1267956
1.829139961342322E8,31408.0,1268648
1.8291323447274604E8,31423.0,1269006
1.829072957566594E8,31423.0,1269014
1.829067148156234E8,31423.0,1269031
1.829037556653295E8,31439.0,1269557
1.828940266955214E8,31439.0,1269755
1.828937100012628E8,31439.0,1269862
1.8278041597716105E8,31439.0,1269980
1.8277003347685105E8,31455.0,1270274
1.827696585092105E8,31470.0,1271010
1.8276907140748218E8,31470.0,1271145
1.8276454617571667E8,31486.0,1271760
1.8274733715018967E8,31502.0,1272482
1.8274279416280508E8,31517.0,1272601
1.8274215458457288E8,31533.0,1273328
1.8269647076264656E8,31533.0,1273749
1.8269158291590616E8,31548.0,1274374
1.826889060295387E8,31564.0,1274439
1.826870858246028E8,31564.0,1274543
1.8268635227503422E8,31564.0,1274772
1.8265774292996946E8,31580.0,1275119
1.8265445612046486E8,31580.0,1275143
1.826207837949665E8,31580.0,1275373
1.826156412527839E8,31580.0,1275471
1.826075500611525E8,31580.0,1275593
1.826069720666257E8,31595.0,1275753
1.825959223037283E8,31595.0,1276017
1.825916636355458E8,31595.0,1276170
1.8258551001867515E8,31611.0,1276725
1.825851392355799E8,31627.0,1277121
1.82547351125255E8,31627.0,1277367
1.8254423605132097E8,31642.0,1277649
1.8253231929984787E8,31642.0,1277689
1.8252816188315934E8,31642.0,1277798
1.8252788682171488E8,31642.0,1277968
1.8251294304733127E8,31658.0,1278270
1.8250643243344215E8,31673.0,1279162
1.824988485952229E8,31689.0,1279889
1.824981234496526E8,31720.0,1281218
1.824870988664285E8,31736.0,1281648
1.8243768698269066E8,31736.0,1281879
1.8243425925365317E8,31752.0,1282203
1.8242660266331828E8,31783.0,1283068
1.824223281697309E8,31783.0,1283181
1.8242037306679052E8,31783.0,1283347
1.8241774724045044E8,31783.0,1283573
1.8241644351007292E8,31798.0,1283617
1.8236999692728204E8,31798.0,1284011
1.8234941986956835E8,31814.0,1284341
1.8234824691087615E8,31830.0,1285590
1.823445584074878E8,31861.0,1286413
1.822981946257766E8,31877.0,1286942
1.8229612442908236E8,31877.0,1287133
1.8229126479162294E8,31892.0,1288124
1.8228553214107418E8,31923.0,1288959
1.8228421971968782E8,31923.0,1289239
1.8217257365877923E8,31955.0,1290476
1.82172572273123E8,31970.0,1290566
1.8204685897318518E8,31970.0,1291114
1.8196519575691277E8,32002.0,1291868
1.8194948232443756E8,32002.0,1292197
1.8194618199731174E8,32033.0,1293237
1.8194535982251605E8,32033.0,1293465
1.8192694254493526E8,32033.0,1293605
1.8189391298634982E8,32033.0,1293621
1.8188688992234838E8,32033.0,1293676
1.8187796236188638E8,32048.0,1293959
1.8187682976441008E8,32064.0,1294918
1.81854990413712E8,32080.0,1295063
1.8184122766699454E8,32080.0,1295202
1.8182588635928908E8,32080.0,1295245
1.8178991308495206E8,32080.0,1295416
1.8172588667400092E8,32080.0,1295516
1.8172555835147524E8,32095.0,1295861
1.817228480676932E8,32095.0,1295944
1.8172170784380123E8,32095.0,1296141
1.8169544818240362E8,32111.0,1296433
1.8168111611294603E8,32111.0,1296694
1.8167591547726262E8,32127.0,1297568
1.8167548931752512E8,32142.0,1297920
1.8167491834517318E8,32142.0,1298042
1.8163886223588747E8,32142.0,1298169
1.815775109687338E8,32158.0,1298622
1.8153040281467628E8,32158.0,1298912
1.815262887443903E8,32174.0,1299075
1.8151360956390268E8,32174.0,1299269
1.8146394188123113E8,32174.0,1299476
1.814621129189816E8,32189.0,1299623
1.8145823301590157E8,32189.0,1300120
1.8145822532725495E8,32220.0,1300820
1.814296976480211E8,32267.0,1303039
1.814276183161288E8,32267.0,1303344
1.8140001739921993E8,32283.0,1303399
1.8139914918134606E8,32283.0,1303914
1.813989814480526E8,32299.0,1304562
1.8139895626791328E8,32314.0,1304624
1.8139792194328254E8,32314.0,1304713
1.8139288916454506E8,32314.0,1304912
1.8139159482422674E8,32345.0,1306250
1.8136970884936762E8,32377.0,1307213
1.8136311628570467E8,32377.0,1307240
1.8135275130559507E8,32392.0,1308445
1.8135271265491048E8,32408.0,1309047
1.8133721245910972E8,32424.0,1309292
1.8128022769732186E8,32424.0,1309661
1.812514773537208E8,32424.0,1309727
1.8124632242403093E8,32486.0,1312252
1.8124441107246962E8,32517.0,1313527
1.8123748748184374E8,32533.0,1313703
1.8118819601782694E8,32549.0,1314492
1.8118663494178617E8,32595.0,1316706
1.811858345324534E8,32611.0,1317445
1.8118368353921223E8,32627.0,1317950
1.811833618624251E8,32642.0,1318643
1.8117813663069373E8,32642.0,1318700
1.811176796141983E8,32674.0,1319902
1.8111690631620967E8,32674.0,1320052
1.8111530274780387E8,32689.0,1320324
1.8106878798339468E8,32689.0,1320572
1.8089589821558467E8,32705.0,1321124
1.8086058825543198E8,32705.0,1321243
1.8083741966794208E8,32720.0,1321447
1.8083734552643222E8,32720.0,1321651
1.808370661752747E8,32752.0,1322762
1.8083683556258595E8,32752.0,1322877
1.8081755008949837E8,32752.0,1323169
1.808171492607466E8,32783.0,1324023
1.8081361060665867E8,32814.0,1325338
1.8080805216321906E8,32845.0,1326519
1.8073590714798895E8,32845.0,1326903
1.8073491023901236E8,32845.0,1326941
1.8071066704623738E8,32877.0,1327801
1.8068573809944955E8,32924.0,1330007
1.8067918684414333E8,32939.0,1330662
1.806754598630654E8,32955.0,1330937
1.806754478049953E8,32955.0,1331028
1.8067430241548535E8,32955.0,1331143
1.8067330318061516E8,32970.0,1331888
1.806274258709354E8,32986.0,1332236
1.8062717020510724E8,32986.0,1332406
1.806208291856352E8,33002.0,1333098
1.805892403567391E8,33033.0,1334243
1.8056942429340512E8,33049.0,1334735
1.8054553733896536E8,33049.0,1335133
1.8054495788716108E8,33064.0,1335568
1.8054452592008895E8,33080.0,1336309
1.805393244424401E8,33080.0,1336343
1.805266810084396E8,33095.0,1336728
1.8050983791403985E8,33127.0,1337742
1.805076383152107E8,33127.0,1338012
1.804965589522497E8,33142.0,1338608
1.804914710556263E8,33158.0,1339267
1.80489980560624E8,33158.0,1339438
1.8048922591800416E8,33189.0,1340584
1.8047912481317E8,33189.0,1340591
1.8047714106817785E8,33236.0,1342423
1.8047525810494E8,33252.0,1342784
1.804736768782943E8,33267.0,1343573
1.8047314725105143E8,33361.0,1346847
1.8036695725931716E8,33377.0,1347654
1.8036253184890038E8,33392.0,1348023
1.8036031984403044E8,33408.0,1348755
1.803601313069769E8,33408.0,1348783
1.8035244839804614E8,33439.0,1349826
1.8032801189348045E8,33455.0,1350126
1.8032500434253255E8,33455.0,1350552
1.8032454001189262E8,33455.0,1350591
1.8032390501630917E8,33486.0,1351658
1.8029096203327045E8,33549.0,1353836
1.8027677105272844E8,33549.0,1353899
1.8026132431787658E8,33564.0,1354643
1.8022987242222095E8,33596.0,1355970
1.8022873309573606E8,33611.0,1356593
1.8022855289207378E8,33627.0,1356978
1.8021010054358467E8,33627.0,1357006
1.8018361225636345E8,33642.0,1357697
1.8018355296619087E8,33642.0,1357767
1.8017369083426717E8,33642.0,1357925
1.8017332995502844E8,33642.0,1358067
1.8016799433303267E8,33689.0,1359712
1.801670752341557E8,33705.0,1360273
1.801384569710456E8,33752.0,1361789
1.8013774894496936E8,33767.0,1362364
1.8012976466850403E8,33783.0,1363091
1.8012268699876648E8,33783.0,1363379
1.801207038025562E8,33783.0,1363514
1.8011441677181968E8,33799.0,1364051
1.8010956658345398E8,33799.0,1364083
1.8006666376289234E8,33814.0,1364530
1.8003071360681024E8,33814.0,1364837
1.800263863801374E8,33846.0,1365571
1.7991031845590356E8,33846.0,1365595
1.7989898067022076E8,33846.0,1365646
1.798929085491083E8,33846.0,1365831
1.7989006390419886E8,33846.0,1365944
1.7988812787609056E8,33877.0,1367123
1.7988736870624596E8,33877.0,1367387
1.798814984477336E8,33892.0,1367867
1.7988048383407688E8,33939.0,1369821
1.7987870846963406E8,33955.0,1370092
1.7987727883727098E8,33986.0,1371373
1.7987707440517074E8,33986.0,1371997
1.7987552317947745E8,34002.0,1372263
1.7985812692981383E8,34017.0,1372879
1.798576643806377E8,34017.0,1373090
1.7985535211962318E8,34033.0,1373604
1.7983487032970458E8,34033.0,1373653
1.7983241113438863E8,34033.0,1373666
1.798202712648611E8,34049.0,1374033
1.797847537467267E8,34049.0,1374469
1.7978336891143644E8,34111.0,1376678
1.7978287739190763E8,34127.0,1377263
1.797828524140187E8,34127.0,1377442
1.7977349993163973E8,34174.0,1379760
1.7974287903584385E8,34189.0,1379908
1.7973592076793963E8,34189.0,1380287
1.7973353909983635E8,34205.0,1380946
1.7970612360007012E8,34221.0,1381643
1.7970355616905677E8,34221.0,1381656
1.7967555911686867E8,34299.0,1384661
1.796736818526612E8,34314.0,1385235
1.7967336842636642E8,34330.0,1385981
1.7966857998816824E8,34361.0,1387146
1.7966106829759526E8,34361.0,1387307
1.7966074235766065E8,34392.0,1388498
1.796337534782021E8,34392.0,1388760
1.796251138428511E8,34392.0,1388921
1.7962318208582294E8,34424.0,1389775
1.796226014458559E8,34455.0,1391179
1.7948995615165222E8,34471.0,1391849
1.7948682054503268E8,34471.0,1391896
1.7948610403487077E8,34486.0,1392669
1.794685707865011E8,34486.0,1392923
1.7946820128489074E8,34502.0,1393565
1.7944399945640898E8,34517.0,1393656
1.7943955523906064E8,34533.0,1394497
1.7939732374739158E8,34580.0,1396856
1.7939489061774084E8,34596.0,1397321
1.7939394800199458E8,34611.0,1397767
1.7939341115775374E8,34627.0,1398464
1.7939075318832016E8,34658.0,1399581
1.7938886661937082E8,34705.0,1401605
1.7938794993748757E8,34705.0,1401641
1.7935650782199094E8,34705.0,1401995
1.7935395757087055E8,34721.0,1402343
1.7934622162859938E8,34752.0,1403975
1.7933503955016252E8,34768.0,1404459
1.7929856379432476E8,34768.0,1404639
1.79292421281467E8,34799.0,1405388
1.7927953945546922E8,34799.0,1405457
1.792760305172414E8,34799.0,1405863
1.7927400614515683E8,34830.0,1406921
1.7927397569393793E8,34846.0,1407381
1.7927376474228665E8,34846.0,1407731
1.7927189213583067E8,34924.0,1410735
1.7926376076358154E8,34924.0,1410872
1.7925431081465068E8,34955.0,1412290
1.7924037250927466E8,34955.0,1412441
1.7923883500794938E8,35049.0,1416149
1.792386432291771E8,35049.0,1416357
1.7923603136499763E8,35064.0,1416447
1.7923484906682757E8,35064.0,1416913
1.7919257827157852E8,35080.0,1417132
1.7918139688332E8,35111.0,1418601
1.7918139517034835E8,35143.0,1419659
1.791785562038738E8,35143.0,1419890
1.7916792500048482E8,35143.0,1420117
1.7916693893601644E8,35143.0,1420154
1.791433972087196E8,35158.0,1420694
1.7914247633276922E8,35158.0,1420791
1.7914241443920213E8,35174.0,1421049
1.7914233723242342E8,35174.0,1421147
1.7912439152110618E8,35205.0,1422073
1.7910670685081837E8,35221.0,1422872
1.7908949693167406E8,35252.0,1424356
1.790838883164191E8,35330.0,1426863
1.7905793971032566E8,35330.0,1426979
1.7905765072869265E8,35346.0,1427832
1.790564451058471E8,35377.0,1428595
1.7905196568281347E8,35471.0,1432125
1.7904632608912957E8,35486.0,1433168
1.7904569852211866E8,35502.0,1433354
1.7904279755083963E8,35502.0,1433799
1.7904274307594988E8,35533.0,1434866
1.7904269883007115E8,35533.0,1435054
1.7903899784154204E8,35549.0,1435239
1.7903216492206335E8,35580.0,1436487
1.79031468251373E8,35580.0,1436716
1.7900398680986685E8,35596.0,1437254
1.789376688985546E8,35596.0,1437310
1.7893757832969382E8,35627.0,1437961
1.7889048460106474E8,35689.0,1440532
1.7888530617638996E8,35689.0,1440557
1.788849285617364E8,35689.0,1440619
1.788566865501583E8,35799.0,1444580
1.7882464400827542E8,35799.0,1444701
1.7882302483855954E8,35814.0,1445026
1.7881887035248303E8,35814.0,1445275
1.7881131268653315E8,35830.0,1445678
1.7874517554263663E8,35830.0,1445683
1.7873279908885446E8,35846.0,1446173
1.7871738243907458E8,35861.0,1446899
1.787167160569423E8,35877.0,1447821
1.7871213080482653E8,35908.0,1448706
1.7862864228028402E8,35908.0,1448783
1.7857733864426222E8,35908.0,1448867
1.785495211462689E8,35908.0,1449008
1.785437937458105E8,35908.0,1449073
1.7847328506895006E8,35924.0,1449216
1.7845263835784978E8,35971.0,1451389
1.7845238637147027E8,35986.0,1451873
1.784519777904789E8,36018.0,1452899
1.7844191333709714E8,36064.0,1454940
1.7843453582046208E8,36064.0,1454987
1.7843326607100627E8,36111.0,1456628
1.784326750777957E8,36111.0,1456722
1.7842990374748212E8,36111.0,1456725
1.7842397427698863E8,36111.0,1456728
1.7841372668077642E8,36268.0,1462075
1.7841261783960336E8,36268.0,1462496
1.7839579394943184E8,36283.0,1463122
1.783821897944911E8,36299.0,1463469
1.783821086847524E8,36315.0,1463988
1.783806464982462E8,36330.0,1464586
1.7836741032801193E8,36330.0,1464817
1.7836533560952407E8,36361.0,1465625
1.7833051645667458E8,36361.0,1465865
1.7832770779377556E8,36361.0,1465931
1.7831690858908874E8,36377.0,1466696
1.783097266792579E8,36408.0,1467710
1.7830912688901958E8,36424.0,1468327
1.7830773391345695E8,36424.0,1468363
1.783077307720597E8,36518.0,1472022
1.7830770028843588E8,36565.0,1473759
1.7829366772769067E8,36611.0,1475495
1.7828789752381125E8,36658.0,1477377
1.7828174804162046E8,36658.0,1477661
1.7828129790000057E8,36690.0,1478660
1.7828096319453102E8,36736.0,1480841
1.7827882357561773E8,36877.0,1486468
1.7827839633534843E8,36893.0,1486726
1.7827495348449454E8,36924.0,1487999
1.7823994674610105E8,36924.0,1488103
1.7823919781387913E8,36955.0,1489363
1.7823849961017838E8,37065.0,1493837
1.782223554556172E8,37065.0,1493967
1.7822126859069243E8,37080.0,1494431
1.7818839465545595E8,37096.0,1494896
1.7818676197854477E8,37111.0,1495514
1.7818026578371426E8,37127.0,1496024
1.7817829324857152E8,37127.0,1496138
1.7817424792032847E8,37268.0,1501507
1.7813176412373203E8,37299.0,1502587
1.7812885068974647E8,37299.0,1502694
1.781286663910338E8,37377.0,1505465
1.7812691690166995E8,37408.0,1506722
1.7812689875136557E8,37455.0,1508586
1.7812464542048976E8,37533.0,1511217
1.7812013610644317E8,37549.0,1512041
1.7811671638308296E8,37565.0,1512523
1.7810974546154752E8,37565.0,1512704
1.7809693924017853E8,37596.0,1513990
1.7799912577169758E8,37611.0,1514194
1.779963575946672E8,37627.0,1515282
1.7798506315302312E8,37643.0,1515491
1.7798470692199433E8,37658.0,1515974
1.7797892282207987E8,37658.0,1516193
1.7797733627872133E8,37658.0,1516280
1.77943130401877E8,37705.0,1518046
1.7792354899853748E8,37705.0,1518325
1.7792347436464936E8,37736.0,1519137
1.7790759750693E8,37752.0,1519924
1.7790448060284987E8,37752.0,1519956
1.7781234649134964E8,37768.0,1520548
1.7780522551675686E8,37783.0,1521259
1.777771828714198E8,37799.0,1521389
1.7777447954088533E8,37862.0,1524042
1.777744100243269E8,37877.0,1524639
1.7777253166613397E8,37877.0,1524740
1.777657391455062E8,37893.0,1525151
1.777643910568676E8,37908.0,1525922
1.7770766891600093E8,37908.0,1526125
1.7770672859780458E8,37955.0,1527487
1.7770145519845992E8,37971.0,1528596
1.776768414363195E8,37987.0,1528692
1.776759878143604E8,37987.0,1528817
1.7767571980046955E8,37987.0,1528959
1.775587139042466E8,38018.0,1530076
1.775537058598524E8,38033.0,1530525
1.774665436813986E8,38080.0,1532747
1.7746589994967285E8,38096.0,1532772
1.7746556234425625E8,38096.0,1532972
1.7746157653204677E8,38143.0,1534983
1.7745418758657447E8,38158.0,1535249
1.7744472226961032E8,38190.0,1536712
1.774446776994001E8,38268.0,1539999
1.774442657644346E8,38299.0,1540906
1.7742616948964426E8,38299.0,1541177
1.7741809746777365E8,38315.0,1541405
1.773848289893488E8,38315.0,1541607
1.7738068065762344E8,38362.0,1543327
1.7734682472958523E8,38487.0,1547513
1.7734653002570695E8,38549.0,1550278
1.773460161768288E8,38596.0,1551635
1.7734590590121722E8,38596.0,1551968
1.7733980411279124E8,38596.0,1552108
1.773372942066782E8,38627.0,1552767
1.773367035050907E8,38643.0,1553588
1.7733087212036806E8,38690.0,1555217
1.7732351842292422E8,38690.0,1555551
1.773148178175236E8,38721.0,1556369
1.7727254627354473E8,38737.0,1556820
1.772541527757487E8,38768.0,1558302
1.772511525380999E8,38830.0,1560300
1.7723689670205033E8,38846.0,1560782
1.772051398739686E8,38877.0,1561797
1.7712487790075567E8,38940.0,1564061
1.771220799696313E8,38971.0,1565228
1.7712068398441896E8,38971.0,1565355
1.7712062506391335E8,38971.0,1565611
1.7712049361115032E8,38987.0,1565971
1.7709515469540715E8,39033.0,1567861
1.7708782462226668E8,39190.0,1573664
1.7708374773678523E8,39205.0,1573804
1.770823694388432E8,39205.0,1573931
1.7705736675888082E8,39205.0,1574316
1.770528800567489E8,39330.0,1578486
1.7704355178147432E8,39346.0,1579188
1.7704272695306277E8,39346.0,1579210
1.7703262392401576E8,39424.0,1581925
1.770324592456504E8,39424.0,1582075
1.7703229125463983E8,39471.0,1583823
1.770253747171287E8,39471.0,1583990
1.7701856369112712E8,39518.0,1585452
1.7699220138342404E8,39518.0,1585487
1.7698522224136102E8,39565.0,1587377
1.769827433375728E8,39565.0,1587584
1.7696646567122746E8,39596.0,1588441
1.7696644453501537E8,39627.0,1589733
1.769543144181358E8,39690.0,1592130
1.7693692356989753E8,39705.0,1592360
1.7693668162793532E8,39705.0,1592527
1.769357325797412E8,39721.0,1592892
1.7692838309843093E8,39721.0,1592955
1.7692033445270962E8,39830.0,1597252
1.7691787379973882E8,39846.0,1597692
1.7691069298519972E8,39971.0,1602338
1.7690824549655837E8,39971.0,1602731
1.7688575485993135E8,39987.0,1602937
1.768728862282049E8,40002.0,1603566
1.7686399545065606E8,40065.0,1606194
1.768551999288503E8,40080.0,1606809
1.768465486752986E8,40112.0,1607671
1.7684399655775976E8,40127.0,1608466
1.7683394035423973E8,40143.0,1608752
1.768338069152876E8,40143.0,1609214
1.7683363662823302E8,40174.0,1609843
1.768312310227971E8,40174.0,1610094
1.7682851880471444E8,40205.0,1610966
1.768172641226293E8,40205.0,1611120
1.768128430428942E8,40299.0,1614286
1.7680903136913577E8,40330.0,1615929
1.7680834972763705E8,40440.0,1619119
1.7680797839143255E8,40471.0,1620277
1.7679755190215698E8,40596.0,1624892
1.7679661984826013E8,40612.0,1625461
1.7678506728241795E8,40690.0,1627893
1.7678244776819718E8,40705.0,1628689
1.7677624152787408E8,40768.0,1630827
1.7677407010179844E8,40784.0,1631423
1.7676877036995146E8,40784.0,1631525
1.7676004696068698E8,40877.0,1634849
1.7666708185700113E8,40940.0,1636773
1.7666543529267997E8,40956.0,1637556
1.7665109430529967E8,41002.0,1639450
1.7665103824336523E8,41018.0,1639807
1.766152790428358E8,41065.0,1641420
1.7661423179334715E8,41190.0,1646138
1.7660836220090526E8,41221.0,1647148
1.766071412393609E8,41456.0,1655178
1.7655748292529273E8,41565.0,1658965
1.7655661757501382E8,41581.0,1659312
1.7655542384647733E8,41581.0,1659350
1.7655538134008068E8,41784.0,1666713
1.764384661054512E8,41799.0,1667177
1.764379879980474E8,41862.0,1669138
1.764379289803455E8,41924.0,1671249
1.7642766749218684E8,41940.0,1671701
1.764183749180354E8,41956.0,1672158
1.7641837164933342E8,42049.0,1675674
1.7641817055070338E8,42065.0,1676485
1.764176638404921E8,42190.0,1680760
1.7640465685330284E8,42252.0,1682576
1.764046532732615E8,42252.0,1682952
1.763947144813189E8,42331.0,1685733
1.763815648750195E8,42378.0,1686525
1.763381492139501E8,42393.0,1686872
1.7633605014469466E8,42409.0,1687533
1.7633527443004757E8,42409.0,1687688
1.763351859452913E8,42456.0,1689209
1.7633318571827376E8,42456.0,1689234
1.7633215851457703E8,42503.0,1690666
1.7632908504321352E8,42581.0,1693678
1.7631729804460758E8,42612.0,1694733
1.7628860686621195E8,42674.0,1697021
1.762847312419458E8,42706.0,1698105
1.762843856652236E8,42721.0,1698396
1.7628415350842857E8,42753.0,1699772
1.7627656769839966E8,42753.0,1699938
1.762411698356226E8,42815.0,1702077
1.7623341007969224E8,42815.0,1702400
1.7619814979305118E8,42862.0,1704078
1.7618780661548012E8,42893.0,1704888
1.761852868157199E8,42909.0,1705672
1.7616754880475724E8,42924.0,1706228
1.7616743836228424E8,42971.0,1707986
1.761600157192284E8,43003.0,1709548
1.7615371130868208E8,43065.0,1711547
1.761523905971415E8,43081.0,1712382
1.761513539197171E8,43159.0,1715027
1.761501748960935E8,43206.0,1716691
1.7615004808469337E8,43284.0,1719433
1.7613829101052457E8,43284.0,1719800
1.7613816529891104E8,43346.0,1721797
1.7612899489273328E8,43362.0,1722362
1.760413873474131E8,43362.0,1722527
1.7603810507746902E8,43378.0,1722966
1.7603083189124006E8,43503.0,1727420
1.760045324191308E8,43534.0,1728346
1.7594353020415702E8,43612.0,1731109
1.7576948022374716E8,43721.0,1735471
1.7576070448250106E8,43737.0,1735789
1.7576065947664613E8,43737.0,1735970
1.7575938646027184E8,43737.0,1736067
1.7574160827866E8,43753.0,1736595
1.7573173405025312E8,43784.0,1737785
1.7572905648669684E8,43815.0,1738818
1.757235249235009E8,43846.0,1740220
1.7569412914830196E8,43862.0,1740586
1.7569142969764215E8,44018.0,1746819
1.7567297782056916E8,44081.0,1749202
1.7561434253013846E8,44096.0,1750210
1.755118082487558E8,44128.0,1751134
1.7550702816887337E8,44143.0,1751978
1.7550417025723657E8,44253.0,1755871
1.7525796477294454E8,44253.0,1756311
1.7525144580376643E8,44315.0,1758750
1.752496751245162E8,44346.0,1760002
1.7524699256660256E8,44378.0,1760613
1.752437398352441E8,44425.0,1762429
1.7524188039231983E8,44456.0,1763459
1.7521757720696142E8,44456.0,1763917
1.7521221304367062E8,44565.0,1767601
1.7516293533797964E8,44581.0,1768316
1.7514767562921593E8,44581.0,1768498
1.7513559292499974E8,44596.0,1769022
1.7512741868664384E8,44596.0,1769103
1.7512479887663478E8,44596.0,1769133
1.7511705921973926E8,44643.0,1770972
1.751148918049903E8,44643.0,1770983
1.7511479437162852E8,44690.0,1772223
1.7511236016420078E8,44753.0,1774680
1.7510172166731346E8,44753.0,1774904
1.751000754967755E8,44815.0,1777177
1.7510007147809E8,44862.0,1779030
1.7509548407027894E8,44862.0,1779426
1.750860448829782E8,44971.0,1783384
1.750794209353259E8,45003.0,1785033
1.7506428580775318E8,45034.0,1786058
1.750486216683897E8,45065.0,1787457
1.7501939343684143E8,45081.0,1788411
1.750161378323684E8,45096.0,1788540
1.7501581543524116E8,45096.0,1788890
1.7501231989029947E8,45190.0,1792828
1.750122149071395E8,45237.0,1794369
1.7499901911371738E8,45331.0,1798586
1.7497320646764737E8,45347.0,1798792
1.749716864479351E8,45425.0,1802496
1.7497111737238756E8,45472.0,1803948
1.7496498662546578E8,45597.0,1808987
1.749463128566036E8,45659.0,1811670
1.7493533519415492E8,45690.0,1813214
1.7491736614708996E8,45753.0,1815799
1.7491425918436512E8,45815.0,1817879
1.7491389976156235E8,45862.0,1819712
1.7491206281568837E8,45878.0,1820405
1.7490559359708795E8,45925.0,1821893
1.748880235233315E8,45987.0,1823986
1.748860269353218E8,46050.0,1826551
1.748778110759608E8,46081.0,1828147
1.7487183132026646E8,46128.0,1829796
1.7486239180462405E8,46143.0,1830454
1.7452828775079593E8,46175.0,1832112
1.745181510976615E8,46206.0,1833390
1.7451784298424748E8,46284.0,1836547
1.745169829080015E8,46347.0,1838745
1.745138502612078E8,46378.0,1839817
1.7450620347217783E8,46394.0,1840448
1.745057344342967E8,46409.0,1841201
1.745004920342223E8,46425.0,1842088
1.7448847435513678E8,46425.0,1842214
1.7446490072498813E8,46472.0,1843793
1.7432364857092145E8,46550.0,1846263
1.7431942844322598E8,46628.0,1849171
1.7431658615724945E8,46659.0,1850210
1.7429560174534884E8,46675.0,1850899
1.7428668242099997E8,46737.0,1853376
1.742815514433571E8,46769.0,1854542
1.7426971563187972E8,46784.0,1855647
1.74264623643101E8,46800.0,1855870
1.7426193565998802E8,46831.0,1857378
1.742337775626022E8,46847.0,1857698
1.7422924620378217E8,46847.0,1858229
1.742292001287755E8,46894.0,1859550
1.7422919883090138E8,46894.0,1859551
1.7422153638680658E8,46925.0,1861136
1.7422080768530306E8,46956.0,1862307
1.742186123522925E8,46956.0,1862561
1.7419404428770128E8,46972.0,1863044
1.741886154586319E8,46987.0,1863255
1.7417153654172555E8,47034.0,1865334
1.741564298395904E8,47065.0,1866983
1.7415318911791182E8,47112.0,1868824
1.741346595885751E8,47128.0,1869301
1.7411514561773145E8,47144.0,1869781
1.7410076850465855E8,47159.0,1870469
1.7404792507984278E8,47175.0,1871122
1.7401339971487576E8,47190.0,1872168
1.7401256735292265E8,47206.0,1872449
1.740124342226622E8,47237.0,1873697
1.7400365621108297E8,47269.0,1875150
1.739935436071192E8,47300.0,1876174
1.7399325579746175E8,47362.0,1879285
1.7394400674983314E8,47378.0,1879732
1.7394228813720793E8,47394.0,1880545
1.7393011808973107E8,47409.0,1880839
1.7387057460878566E8,47409.0,1880987
1.7386950664860627E8,47409.0,1881242
1.7383062368445775E8,47456.0,1882935
1.7382707392294192E8,47487.0,1884187
1.738266216376527E8,47534.0,1885959
1.7382288285903582E8,47534.0,1886219
1.7382029840550163E8,47565.0,1887065
1.7381863354018962E8,47597.0,1888307
1.738054082049522E8,47644.0,1890356
1.7380489549078068E8,47659.0,1890804
1.737778347680978E8,47690.0,1892159
1.7377049549895468E8,47722.0,1893380
1.7376182044337887E8,47778.0,1895349
1.7375810892753756E8,47778.0,1895372
1.7369951786093396E8,47809.0,1896282
1.7368961163416016E8,47825.0,1896695
1.7368538409682983E8,47950.0,1898470
1.7368304303492928E8,48075.0,1899959
1.7367443671361712E8,48091.0,1900450
1.736742499264092E8,48169.0,1901686
1.7366034971587855E8,48169.0,1901739
1.7365399524978215E8,48278.0,1905210
1.7361290444623917E8,48310.0,1906001
1.735880486861641E8,48356.0,1907830
1.7358716597407022E8,48372.0,1908028
1.735865111367039E8,48435.0,1910791
1.7356194560141268E8,48481.0,1912566
1.7356068639001876E8,48497.0,1913272
1.7356054557657802E8,48528.0,1914286
1.7355894458974862E8,48560.0,1915817
1.7355451878036386E8,48606.0,1917480
1.7354566651904005E8,48606.0,1917566
1.7354237317920104E8,48606.0,1917748
1.735384260420043E8,48731.0,1922321
1.7353813744565132E8,48763.0,1923010
1.735184870073877E8,48794.0,1924560
1.7350142550508246E8,48872.0,1927146
1.7340958230610546E8,48903.0,1928117
1.7340370609790692E8,48935.0,1929398
1.7339049753279153E8,48935.0,1929516
1.7337184891002184E8,48950.0,1929649
1.7337074636229444E8,48950.0,1929667
1.7337041869461006E8,48966.0,1930320
1.733688208085163E8,48966.0,1930497
1.7334045720132503E8,48997.0,1931582
1.7334017248214966E8,49028.0,1932444
1.7333702559579816E8,49091.0,1934961
1.7332825257310393E8,49091.0,1935177
1.733281804673922E8,49091.0,1935212
1.733069929215252E8,49138.0,1936591
1.7330087978660718E8,49247.0,1941188
1.73295485587106E8,49388.0,1946561
1.7329453602328414E8,49513.0,1951770
1.7328236582076424E8,49575.0,1953987
1.7325030566270182E8,49607.0,1955312
1.732477633412238E8,49700.0,1958246
1.7324537437422612E8,49716.0,1958736
1.7324294192660385E8,49778.0,1960829
1.732255877887155E8,49825.0,1962827
1.7321385286889225E8,49935.0,1966231
1.7321301544228062E8,49950.0,1966716
1.7321280292194492E8,49982.0,1968000
1.7313945772386372E8,50091.0,1971854
1.731385247777785E8,50263.0,1977667
1.7312650879113087E8,50294.0,1978921
1.7311056903599715E8,50403.0,1982518
1.7309726714256483E8,50403.0,1982898
1.730966612620987E8,50482.0,1985324
1.7304822625497735E8,50560.0,1987715
1.7304716546250108E8,50575.0,1988300
1.7302426003973505E8,50607.0,1989133
1.73019639561443E8,50685.0,1991972
1.7301679161758745E8,50685.0,1992455
1.730132075691921E8,50716.0,1993474
1.7301283565613532E8,50747.0,1994395
1.730090844199826E8,50779.0,1995518
1.730079446782639E8,50779.0,1995585
1.729992501518863E8,50810.0,1996458
1.7299513244032887E8,50810.0,1996734
1.7299418834452328E8,50872.0,1998736
1.7298477362433773E8,50888.0,1999334
1.7295960386288756E8,50888.0,1999462
1.7295737938964954E8,50903.0,1999878
1.729565943731919E8,50903.0,1999975
1.7294700446291742E8,50950.0,2001609
1.7294641843864182E8,50997.0,2002932
1.729443926409732E8,51044.0,2004865
1.7294345120646447E8,51075.0,2006233
1.729434511120271E8,51107.0,2007102
1.7293301045487377E8,51107.0,2007407
1.7292786194627556E8,51138.0,2008473
1.728255095559075E8,51200.0,2010545
1.7281026641319546E8,51216.0,2011246
1.7277143239639372E8,51263.0,2012739
1.727532357362269E8,51294.0,2013655
1.7273895419119525E8,51341.0,2015275
1.7273762598218736E8,51341.0,2015730
1.72735556519266E8,51388.0,2016994
1.727254155095145E8,51388.0,2017250
1.7272504176202694E8,51404.0,2017752
1.727206361267239E8,51435.0,2019153
1.727206236761008E8,51575.0,2024420
1.727180874056872E8,51779.0,2031929
1.72717224360893E8,51794.0,2032107
1.72703394117235E8,51841.0,2033793
1.726902029666263E8,51982.0,2039163
1.72688005525371E8,51982.0,2039337
1.7268230571976542E8,52091.0,2043221
1.726800376376222E8,52450.0,2055817
1.726751349952317E8,52466.0,2056358
1.7267143130662704E8,52513.0,2058098
1.726646044374629E8,52529.0,2058870
1.7266339221970835E8,52529.0,2058906
1.7265784212746742E8,52607.0,2061155
1.7265585155093896E8,52607.0,2061415
1.7265075227723363E8,52607.0,2061594
1.7264476821187097E8,52654.0,2063169
1.7263972925338507E8,52982.0,2074894
1.726252814619543E8,53013.0,2076078
1.726234733092809E8,53013.0,2076205
1.726176184268127E8,53185.0,2082159
1.725944920386457E8,53216.0,2083050
1.725844697993649E8,53216.0,2083100
1.7258160902137128E8,53294.0,2086165
1.7258130257674757E8,53341.0,2087415
1.7256645173728168E8,53357.0,2088306
1.7256061096494594E8,53435.0,2091113
1.7255550797685814E8,53451.0,2092039
1.7255533024663812E8,53560.0,2096029
1.725420003097411E8,53576.0,2096203
1.725128335930105E8,53607.0,2097473
1.724992773068587E8,53716.0,2101955
1.7248529403314623E8,53732.0,2102070
1.7248499400774276E8,53779.0,2104224
1.7246916930723563E8,53841.0,2106203
1.7241057887902388E8,53919.0,2109076
1.7240388328139648E8,53935.0,2110057
1.7240002573355117E8,54013.0,2112877
1.7239311776040232E8,54029.0,2113164
1.7238812407993963E8,54169.0,2118435
1.723858998957652E8,54263.0,2121879
1.7237885857200864E8,54263.0,2122033
1.723765652816921E8,54310.0,2123539
1.723736013422864E8,54357.0,2125665
1.7237159397480154E8,54373.0,2126337
1.7233941257453138E8,54466.0,2129177
1.7233699045156088E8,54576.0,2133572
1.723342830768543E8,54591.0,2134152
1.7232996402329442E8,54607.0,2134701
1.7232489938587344E8,54623.0,2135215
1.7231998928896472E8,54685.0,2137830
1.7229269615908787E8,54716.0,2139125
1.7229026239829704E8,54779.0,2141085
1.722839517912144E8,54794.0,2141725
1.7227848546533525E8,55029.0,2149992
1.7227822859068912E8,55076.0,2151807
1.7227253775896764E8,55185.0,2155876
1.7227169937595877E8,55341.0,2161853
1.7225725973109278E8,55357.0,2161959
1.7225158794180512E8,55373.0,2162922
1.7220375510067266E8,55373.0,2162996
1.7217991465366495E8,55404.0,2163738
1.7217917362026152E8,55435.0,2164846
1.7217288218644312E8,55576.0,2169749
1.7216906628478304E8,55685.0,2173195
1.7215346089374983E8,55873.0,2179895
1.7215110938611862E8,55888.0,2180652
1.7215107357817146E8,55920.0,2181480
1.7214825125640085E8,55998.0,2184071
1.7214594396866825E8,56029.0,2185588
1.7214559323719397E8,56091.0,2187674
1.7213244124903044E8,56201.0,2191935
1.7213179356605354E8,56216.0,2192228
1.7212989766921854E8,56232.0,2193073
1.7212894378158322E8,56248.0,2193579
1.721283278687367E8,56310.0,2195840
1.721239607752804E8,56420.0,2199911
1.721226686579951E8,56466.0,2201184
1.721161242677813E8,56482.0,2201651
1.7210438242265272E8,56482.0,2202118
1.7209671578267142E8,56607.0,2206748
1.720848789241116E8,56654.0,2208283
1.7205241634471902E8,56716.0,2210811
1.720290229976097E8,56888.0,2217262
1.7201280827407876E8,56904.0,2217467
1.7200316930159724E8,56920.0,2217916
1.7200262323645896E8,56951.0,2219424
1.7200238246900216E8,57107.0,2224987
1.7200026879106197E8,57123.0,2225286
1.7198735851468092E8,57154.0,2226612
1.719761910512725E8,57420.0,2235763
1.7195389659302568E8,57435.0,2236370
1.719363867868501E8,57513.0,2238897
1.7193129701815885E8,57529.0,2239535
1.7190850227895904E8,57701.0,2245768
1.7190118529500476E8,57748.0,2247259
1.719007858960431E8,57748.0,2247750
1.7189153290827617E8,57779.0,2248620
1.7188653969202295E8,57779.0,2248761
1.7188166543403646E8,57873.0,2252161
1.71852464172631E8,57920.0,2253467
1.7184216754498073E8,58029.0,2257784
1.718241900915275E8,58076.0,2259224
1.718241319009963E8,58107.0,2260544
1.7182147828535515E8,58138.0,2261525
1.717009062981182E8,58154.0,2261809
1.7168983993675017E8,58185.0,2262703
1.7168350208845162E8,58232.0,2264512
1.7165856443393865E8,58279.0,2265790
1.7165217782863E8,58279.0,2265816
1.7160792762949118E8,58310.0,2266969
1.715989920289549E8,58404.0,2270007
1.715944939181034E8,58482.0,2273112
1.715903199943385E8,58545.0,2274837
1.7158634728341576E8,58560.0,2275402
1.7157913641191897E8,58592.0,2276435
1.7156706735259286E8,58592.0,2276452
1.7154804842103365E8,58779.0,2283362
1.7149216855197635E8,58810.0,2284604
1.714835688024226E8,58826.0,2285351
1.714827774341034E8,58842.0,2286115
1.714680003537083E8,58889.0,2287846
1.71417373463926E8,58967.0,2290730
1.7138010017466027E8,58998.0,2291670
1.7137676982533845E8,59014.0,2292614
1.7134617251275676E8,59029.0,2293094
1.713329461259418E8,59107.0,2296149
1.7130999934094727E8,59123.0,2296319
1.7129369714982522E8,59170.0,2298233
1.712780593088948E8,59264.0,2302009
1.7127759241085768E8,59451.0,2307834
1.7127505266261864E8,59529.0,2310504
1.7127443940539438E8,59576.0,2312280
1.7127428980966794E8,59592.0,2313184
1.7126745129392824E8,59685.0,2316179
1.7126607977801394E8,59717.0,2317496
1.7125039391967246E8,59842.0,2322044
1.712465162678616E8,59842.0,2322367
1.7124079131125966E8,59889.0,2323718
1.7124065346284595E8,59951.0,2326262
1.71237510599998E8,59951.0,2326444
1.7119354534196618E8,59967.0,2327088
1.7118522649246868E8,59967.0,2327105
1.71168883591789E8,59982.0,2327394
1.711159705122706E8,60186.0,2335011
1.7109987433181146E8,60186.0,2335358
1.7108902521481398E8,60311.0,2339532
1.710718771351921E8,60357.0,2341173
1.7106567472724476E8,60373.0,2341599
1.710656096518503E8,60529.0,2347579
1.7106107207060322E8,60545.0,2348235
1.710564579388828E8,60717.0,2354689
1.7102474477322078E8,60936.0,2362668
1.7098856313002008E8,61014.0,2365625
1.7098729622098148E8,61061.0,2367112
1.7098210040031978E8,61139.0,2369854
1.7098028877459776E8,61295.0,2374867
1.709748446981014E8,61326.0,2376222
1.709743089907276E8,61389.0,2378187
1.709624106521666E8,61483.0,2381416
1.7092528436650562E8,61498.0,2381817
1.709247410533712E8,61529.0,2382922
1.7092383162169063E8,61639.0,2386837
1.7092206726316884E8,61670.0,2388280
1.7084545163502154E8,61717.0,2389818
1.7081978050540653E8,61873.0,2395559
1.7081408605160263E8,61998.0,2399649
1.7081166611082527E8,62076.0,2402822
1.708084232776559E8,62139.0,2405031
1.707970568273444E8,62154.0,2405575
1.7079542552142215E8,62186.0,2407021
1.707690778638281E8,62264.0,2409555
1.7075448731131282E8,62404.0,2414823
1.7075306762386772E8,62967.0,2435598
1.7074915484267938E8,62967.0,2435705
1.70733331213551E8,63280.0,2446630
1.7071883522043395E8,63295.0,2447210
1.7071879153109428E8,63373.0,2450127
1.7069126880959812E8,63436.0,2452506
1.706912282871484E8,63576.0,2457302
1.7069030824401066E8,63608.0,2458862
1.7068907132226473E8,63623.0,2459456
1.7068555157256716E8,63639.0,2459695
1.7066462836747393E8,63655.0,2460165
1.706630989721057E8,63655.0,2460547
1.7064562995604163E8,63670.0,2461167
1.7064550070517802E8,63686.0,2461555
1.7064308547497323E8,63686.0,2461701
1.7064106726039395E8,63733.0,2462884
1.7064094876747292E8,63811.0,2465839
1.7063753673519537E8,63905.0,2469094
1.706295955392908E8,63951.0,2470833
1.7060776576182774E8,63967.0,2471598
1.7060055986336914E8,63998.0,2472513
1.7059904184714797E8,64108.0,2476364
1.70598279387239E8,64295.0,2483227
1.7059441219225392E8,64311.0,2483412
1.7059063046263692E8,64420.0,2487447
1.7059054062803012E8,64467.0,2489308
1.705899268311072E8,64702.0,2498294
1.70589254645937E8,64717.0,2498395
1.705807161905433E8,64795.0,2501785
1.7057070851358578E8,64905.0,2505570
1.705698752551096E8,64952.0,2507241
1.705444950228501E8,65030.0,2510085
1.7053885075609964E8,65139.0,2513711
1.7053154713624737E8,65280.0,2518993
1.705248412987282E8,65358.0,2521986
1.70497791912422E8,65514.0,2527369
1.7049745083084273E8,65592.0,2530204
1.7049623358021262E8,65795.0,2537984
1.704888931223557E8,65874.0,2540874
1.7045699079932478E8,65983.0,2544887
1.704569495261679E8,66061.0,2547595
1.7043859992587852E8,66155.0,2551064
1.7042964473438048E8,66467.0,2562232
1.7042497380344084E8,66577.0,2566427
1.7042235972504222E8,66655.0,2568764
1.704071829203412E8,66702.0,2570662
1.7039708055385503E8,66858.0,2575739
1.7036475495604554E8,66983.0,2580538
1.7036447392363313E8,67014.0,2581468
1.703538770745111E8,67030.0,2582099
1.7030403986975345E8,67077.0,2583688
1.7030188313905662E8,67108.0,2584664
1.7030131286894494E8,67217.0,2588495
1.702969458629983E8,67249.0,2589561
1.7028931542645335E8,67280.0,2591050
1.7021505285291982E8,67311.0,2591961
1.7021156448803642E8,67358.0,2593454
1.7020447393587086E8,67405.0,2594930
1.7020447358650765E8,67421.0,2595472
1.7019115350133622E8,67436.0,2596021
1.7018951230347824E8,67546.0,2600251
1.7017456649766934E8,67655.0,2604102
1.701743023743242E8,67702.0,2605637
1.701678153611619E8,67905.0,2613561
1.7016729812876743E8,67921.0,2614091
1.7016317907034916E8,67999.0,2616753
1.7016193733806154E8,68030.0,2617963
1.701615455955791E8,68186.0,2623747
1.7015214994469726E8,68186.0,2623925
1.7015100475226706E8,68342.0,2629616
1.701509465420761E8,68358.0,2630168
1.7014850469830212E8,68374.0,2630747
1.7014588548907846E8,68483.0,2634728
1.701406055278584E8,68546.0,2636737
1.7014015622101614E8,68702.0,2642080
1.701401521600614E8,68858.0,2647548
1.7013481888635507E8,69014.0,2653400
1.7013324147478053E8,69249.0,2662349
1.7012183274540877E8,69327.0,2665179
1.7010510439874113E8,69343.0,2665806
1.701003679076062E8,69405.0,2668026
1.7009360684205395E8,69530.0,2672756
1.7009288604309505E8,69655.0,2677082
1.700891380034479E8,69936.0,2687548
1.700890318966108E8,70015.0,2690021
1.7008705691578752E8,70093.0,2693205
1.7008590976599318E8,70311.0,2701106
1.7006658332913867E8,70327.0,2701838
1.700643196329537E8,70343.0,2702674
1.7006408776894188E8,70421.0,2705518
1.7005281596554744E8,70640.0,2713133
1.7005032142505822E8,70655.0,2714067
1.7004550026952663E8,70702.0,2715887
1.700230827904871E8,70765.0,2718147
1.7002291864031646E8,70921.0,2723769
1.7001383113851237E8,71171.0,2732943
1.70003765625083E8,71218.0,2734577
1.7000282594509715E8,71937.0,2760474
1.699986055522274E8,71968.0,2761742
1.6999556147681156E8,72155.0,2768125
1.6999524232956666E8,72249.0,2771409
1.6999058012144637E8,72609.0,2783993
1.699424170497477E8,72984.0,2797851
1.6990213135236928E8,73030.0,2799499
1.699004961902436E8,73046.0,2800122
1.6989575963910317E8,73343.0,2811435
1.698494146870122E8,73655.0,2823631
1.6980645657447833E8,73859.0,2830946
1.6980515312246326E8,73874.0,2831590
1.6980511184930637E8,74015.0,2837189
1.6980311525863427E8,74171.0,2843059
1.6979678801110458E8,74374.0,2850785
1.6979322137145698E8,74468.0,2854819
1.6978604335980582E8,75015.0,2875430
1.6978530870768553E8,75031.0,2876003
1.6978340576617002E8,75140.0,2880166
1.6976918125774086E8,75218.0,2882783
1.6976717140371805E8,75343.0,2887663
1.6975841158252E8,75546.0,2894734
1.6975795863085014E8,75609.0,2897031
1.697559690378973E8,75687.0,2899968
1.69749979529837E8,75859.0,2906728
1.6973900835501474E8,75921.0,2908515
1.6969850288750285E8,76015.0,2911993
1.6967994342093307E8,76468.0,2927928
1.6964713870166403E8,76546.0,2930410
1.6964688864709657E8,76843.0,2941580
1.6964672803193218E8,77109.0,2951685
1.69644960262482E8,77140.0,2952957
1.6964223661100912E8,77171.0,2954168
1.69604003248066E8,77421.0,2963639
1.695763494166652E8,77453.0,2964777
1.6951788925909454E8,77781.0,2976655
1.6951780916553634E8,77828.0,2978635
1.6950540319535315E8,77921.0,2981667
1.6949928012523293E8,77937.0,2982595
1.6948524015714103E8,77953.0,2982732
1.6945385766439712E8,77953.0,2983095
1.693998961468997E8,78171.0,2990556
1.6939902538925982E8,78203.0,2991866
1.6939603230514485E8,78281.0,2994998
1.6939347168384993E8,78297.0,2995814
1.6936993175105393E8,78453.0,3001170
1.6936178815752944E8,78531.0,3003953
1.6932803052216136E8,78562.0,3005106
1.693265581658351E8,78687.0,3010015
1.693105009917387E8,78718.0,3010771
1.6930641472282484E8,78781.0,3013446
1.6930392627052537E8,78906.0,3018034
1.693023130152819E8,78922.0,3018582
1.692656431788269E8,78953.0,3019417
1.692420053621432E8,78984.0,3020807
1.692344331575985E8,79093.0,3024543
1.692316739604457E8,79156.0,3026471
1.6923079472480094E8,79218.0,3028696
1.692282082698434E8,79297.0,3031568
1.692116968728947E8,79312.0,3032224
1.6920990855087376E8,79375.0,3034176
1.6920981713534847E8,79390.0,3035301
1.692081623155188E8,79468.0,3037788
1.6920748158251962E8,79578.0,3042286
1.69202980258486E8,79687.0,3045522
1.6918722164207396E8,79890.0,3053245
1.6916862652104032E8,79890.0,3053395
1.6914743788200766E8,79922.0,3054430
1.6914565063585106E8,79984.0,3056473
1.6914226444779786E8,80015.0,3058128
1.691421704274828E8,80125.0,3062306
1.6913855882147217E8,80656.0,3081676
1.691352502217491E8,80812.0,3087232
1.6909370321222037E8,80859.0,3088833
1.6908552276500306E8,80890.0,3089859
1.6908527005957198E8,80906.0,3090708
1.6908526491263762E8,80984.0,3092998
1.6907564892270517E8,80984.0,3093322
1.6906876730095872E8,81328.0,3105308
1.6906083587089077E8,81578.0,3113991
1.6898958389833942E8,82125.0,3133182
1.6898948793489394E8,82672.0,3152755
1.6898620936151177E8,82766.0,3155553
1.6896819546089607E8,82766.0,3155984
1.6896638381920958E8,82766.0,3156018
1.6896624010977253E8,83406.0,3177898
1.689573358247898E8,83734.0,3188897
1.6895614523060265E8,83860.0,3193600
1.6895544797774994E8,83906.0,3195094
1.6894708867513445E8,83938.0,3196284
1.6894493879345682E8,84500.0,3216845
1.6894290623896322E8,84797.0,3227161
1.689416521775514E8,84860.0,3229434
1.6894152968314287E8,84860.0,3229818
1.689413764595134E8,84891.0,3230806
1.6894132081399304E8,84891.0,3230851
1.6894001090620887E8,85188.0,3241288
1.6892829124579215E8,85313.0,3245214
1.6892458504649958E8,85344.0,3246464
1.6891971316101608E8,85360.0,3247205
1.6891958371857804E8,85516.0,3252527
1.6891890433093357E8,86344.0,3282286
1.689158437579353E8,86594.0,3291552
1.6889195647744495E8,86657.0,3293927
1.688915358003573E8,86704.0,3295713
1.6888351793371698E8,87110.0,3310774
1.6886534558320743E8,87360.0,3319942
1.688642684819837E8,87766.0,3334667
1.6885355216352555E8,88391.0,3357614
1.6884006141002148E8,88751.0,3370145
1.6883874330389267E8,88829.0,3373252
1.688387224215471E8,89141.0,3384253
1.6883733977811906E8,89157.0,3384714
1.6882437557125956E8,89407.0,3393487
1.688237341162408E8,89516.0,3397248
1.6881669478334364E8,89860.0,3409387
1.6880901269330123E8,89985.0,3413947
1.6879870760561705E8,90141.0,3419617
1.6879397955123442E8,90844.0,3444983
1.6874582069719473E8,90970.0,3449393
1.6874542166171592E8,91188.0,3457153
1.687453167772578E8,91923.0,3482908
1.687388800143046E8,92141.0,3490572
1.6872151390279248E8,92173.0,3491770
1.6871920064482063E8,92251.0,3493525
1.687160972519667E8,92532.0,3503159
1.6871357722187376E8,92892.0,3515612
1.6869704643361145E8,93095.0,3522822
1.6862933986285055E8,93110.0,3522994
1.6859266701110566E8,93110.0,3523001
1.685835239372151E8,93423.0,3534097
1.685786038767801E8,93485.0,3536301
1.6857838202263868E8,93517.0,3537257
1.685782969905504E8,93610.0,3540946
1.6857700925171772E8,93782.0,3546708
1.6855591296805227E8,93814.0,3547764
1.6855143374572843E8,94329.0,3565437
1.6855075325222877E8,94454.0,3569540
1.6853589368114048E8,94470.0,3570192
1.685312638200812E8,94501.0,3571179
1.685305117368828E8,94501.0,3571400
1.685237104333112E8,94532.0,3572179
1.685215149910818E8,94564.0,3573482
1.6851636152978995E8,94626.0,3575383
1.685155165042137E8,94814.0,3582366
1.6851435209414974E8,94860.0,3583963
1.6851162221436307E8,95720.0,3615078
1.683809049675605E8,95767.0,3616854
1.6837797948926243E8,95845.0,3619437
1.68350563808422E8,95923.0,3622416
1.6832866563559005E8,96095.0,3628435
1.683147681650251E8,96189.0,3631856
1.6828429133220637E8,96439.0,3639930
1.6827525009672147E8,96517.0,3642908
1.6821782932817715E8,96658.0,3647849
1.682041745867229E8,97689.0,3684389
1.6819947343370053E8,98361.0,3708608
1.6819773079068303E8,98486.0,3712809
1.681928594825779E8,98673.0,3719737
1.681927434617374E8,99142.0,3736553
1.6818298475433114E8,99158.0,3737322
1.681826198888232E8,99361.0,3745132
1.6817830644540492E8,99361.0,3745349
1.681773833781139E8,99408.0,3746686
1.68160022617761E8,99548.0,3752317
1.6815425396171758E8,99627.0,3755430
1.6815073305905515E8,99658.0,3756563
1.6813481241760913E8,99673.0,3757198
1.6812595584458297E8,99970.0,3767797
1.680697989086772E8,100439.0,3784250
1.680677769061583E8,100455.0,3784845
1.6806468107755506E8,100564.0,3789021
1.6804192921953318E8,100580.0,3789934
1.68028377566791E8,100658.0,3792657
1.6801619190140098E8,100720.0,3794462
1.6801027817711267E8,100924.0,3802537
1.680101785069335E8,100939.0,3803213
1.6799268293948445E8,100986.0,3804872
1.6798899097921762E8,101220.0,3813590
1.67988297531959E8,101267.0,3815399
1.679793742509033E8,101299.0,3817055
1.6796803882086518E8,101314.0,3817276
1.6795451730676264E8,101345.0,3818394
1.679543762303493E8,101377.0,3819862
1.6795406800403455E8,102392.0,3857370
1.6794991839839876E8,103236.0,3888552
1.6793881698516127E8,103361.0,3893426
1.6793587377748773E8,103580.0,3901536
1.6792077004852247E8,103580.0,3901855
1.6790130780747905E8,103768.0,3908341
1.6789143622266427E8,103986.0,3916196
1.6788125009149325E8,104002.0,3916826
1.678711939956808E8,104189.0,3924188
1.6787008896013734E8,104268.0,3926930
1.6786999994660163E8,104299.0,3928031
1.6786494656670845E8,104299.0,3928387
1.6786008592391157E8,104393.0,3931913
1.678598168812685E8,104596.0,3939516
1.6785346999186537E8,104611.0,3940146
1.6785339034737593E8,104627.0,3940359
1.678521420653889E8,104705.0,3943379
1.6784980861294907E8,104705.0,3943530
1.6784717309404752E8,104721.0,3944055
1.6784262258116585E8,104783.0,3946387
1.6783817844689938E8,104799.0,3946826
1.6783794410889256E8,104877.0,3950410
1.677850006084959E8,104971.0,3954120
1.6778480652417335E8,105080.0,3958292
1.6778357045086995E8,105283.0,3966102
1.6777694093777758E8,105346.0,3968959
1.6776952044356376E8,105565.0,3976675
1.6776291156464523E8,105705.0,3982302
1.6775925169948614E8,105815.0,3986467
1.6775893055450496E8,105893.0,3989273
1.6775385885654023E8,105893.0,3989744
1.6775355776576793E8,106002.0,3993729
1.6775016240553126E8,106002.0,3994067
1.6774823117766252E8,106143.0,3999185
1.677462070761415E8,106236.0,4002932
1.6773201882361293E8,106424.0,4010545
1.6773193873710698E8,106799.0,4025333
1.6772909397948572E8,107033.0,4034902
1.6772092004323077E8,107065.0,4035729
1.676785132851631E8,107112.0,4037965
1.6767526901245517E8,107190.0,4041245
1.676741002186385E8,107205.0,4041993
1.6766091301733267E8,107471.0,4051841
1.6765679812511393E8,107643.0,4058679
1.6764470330991617E8,107799.0,4065038
1.6764308032011575E8,107815.0,4065234
1.6764153473297212E8,107862.0,4067012
1.6763655445135358E8,108065.0,4075235
1.676156768809258E8,108159.0,4078462
1.676070313420246E8,108362.0,4085522
1.6760696176650783E8,108377.0,4086121
1.6760676130050024E8,108518.0,4091559
1.6760224982861543E8,108518.0,4091831
1.676016118351902E8,108580.0,4094553
1.675966226918164E8,108612.0,4095253
1.6759372885322714E8,108955.0,4108566
1.675933396713767E8,109018.0,4110873
1.675923267827897E8,109034.0,4111618
1.6758235743971792E8,109034.0,4112032
1.6758170192224437E8,109080.0,4113756
1.67569536717997E8,109174.0,4117808
1.675689490813537E8,109237.0,4120100
1.6755006804190043E8,109299.0,4122520
1.6754987883344325E8,109565.0,4133267
1.675466636114835E8,109893.0,4146150
1.67518758505203E8,109893.0,4146381
1.675064069245854E8,109940.0,4147955
1.6750430885499555E8,110190.0,4158156
1.674832575558781E8,110206.0,4158775
1.6745771847176212E8,110237.0,4159785
1.6745132120366073E8,110284.0,4161407
1.6742442478418207E8,110377.0,4164810
1.67422784315908E8,110393.0,4165670
1.6733763800379193E8,110471.0,4168589
1.6727767778171748E8,110518.0,4170426
1.672744460537203E8,110565.0,4171783
1.6723977730107605E8,110565.0,4171805
1.67226369823493E8,110565.0,4172251
1.672249371371253E8,110581.0,4172846
1.672108549579124E8,110799.0,4181471
1.6714408078050375E8,110831.0,4182873
1.671199973071446E8,110956.0,4187837
1.6711731625990257E8,111049.0,4191435
1.671171314194952E8,111237.0,4198075
1.6711273313122043E8,111299.0,4200256
1.6710203689750406E8,111331.0,4201573
1.670949101508794E8,111393.0,4204142
1.6708173743373278E8,111409.0,4204874
1.6707657453039277E8,111471.0,4207372
1.6707633595292616E8,111518.0,4208885
1.6707298791581655E8,111581.0,4211414
1.6704737032975674E8,111596.0,4212508
1.6703917547745275E8,111940.0,4225058
1.6702203884701276E8,111987.0,4226868
1.670217377562405E8,112034.0,4228822
1.6698075733677047E8,112096.0,4231397
1.669571616384232E8,112112.0,4231948
1.6689647885010424E8,112471.0,4245676
1.668809747896634E8,112471.0,4245695
1.66873207730428E8,112471.0,4245855
1.668698802065635E8,112487.0,4246343
1.668509247628908E8,112503.0,4246947
1.6685049621466425E8,112784.0,4257530
1.6683273721057966E8,112800.0,4258239
1.668164464960535E8,112800.0,4258252
1.667864479822915E8,113143.0,4270787
1.6677957694929436E8,113331.0,4277245
1.6675992993993393E8,113409.0,4280230
1.6675024841208425E8,113425.0,4280609
1.667201248287532E8,113643.0,4289210
1.6671950940601483E8,114128.0,4307000
1.667191202241644E8,114597.0,4324790
1.6671474791554144E8,114675.0,4328101
1.6670858668721268E8,114737.0,4330070
1.6670319073104456E8,114831.0,4333388
1.6669693786030242E8,115065.0,4342239
1.6669646284651735E8,115081.0,4342896
1.6669284210925755E8,115081.0,4343221
1.66687828113121E8,115128.0,4344579
1.666636308359672E8,115362.0,4353464
1.6666321700888327E8,115409.0,4355376
1.6666260691909578E8,115409.0,4355482
1.666432618868055E8,115659.0,4365130
1.666268809698011E8,116300.0,4389204
1.6660278178626528E8,116300.0,4389393
1.665824070601659E8,116441.0,4394444
1.6657666818136278E8,116628.0,4400875
1.665722379834408E8,116659.0,4401979
1.66522014439864E8,116800.0,4407207
1.664922838865486E8,116909.0,4411364
1.6648772478412965E8,117112.0,4418787
1.664846576464481E8,117331.0,4427231
1.6648461509142962E8,117378.0,4428794
1.664704889031603E8,117472.0,4431967
1.664682660477182E8,117613.0,4437193
1.6645598716898194E8,117659.0,4439215
1.6644002900729492E8,117753.0,4442639
1.6643864759621516E8,117769.0,4443103
1.66437914782912E8,117784.0,4443758
1.6643788784868565E8,117863.0,4446784
1.6642516876381472E8,117878.0,4447265
1.664231149894881E8,118003.0,4451985
1.6642277854298428E8,118284.0,4462625
1.66418092619306E8,118456.0,4468989
1.6641611052708283E8,118566.0,4473540
1.664149906309457E8,118675.0,4477563
1.6640360931510153E8,118988.0,4489191
1.6638153069216463E8,119003.0,4489831
1.663762723073139E8,119019.0,4490725
1.6636201734577534E8,119175.0,4496340
1.6632695162978122E8,119206.0,4497127
1.6630119618955454E8,119535.0,4509046
1.6628209981032845E8,120066.0,4527896
1.6626521362243646E8,120660.0,4549122
1.662371837324707E8,120707.0,4550630
1.6623693942658985E8,120753.0,4552423
1.6616910425291264E8,120941.0,4558577
1.661343546992898E8,121144.0,4562600
1.6610063774832457E8,121160.0,4563032
1.660965350397539E8,121300.0,4568105
1.660845296240512E8,121378.0,4571041
1.6608437542726046E8,121472.0,4574904
1.6601109077014053E8,121566.0,4578275
1.660085360414731E8,121597.0,4579962
1.6600175538249013E8,121675.0,4582818
1.6595645752181336E8,121675.0,4582919
1.6594023980393115E8,121691.0,4583150
1.6593871321141955E8,121769.0,4585921
1.659382480744258E8,121847.0,4589048
1.659270926954008E8,122441.0,4610192
1.659229823862665E8,122550.0,4613635
1.6591582537897328E8,122550.0,4614016
1.6591520862012807E8,122800.0,4622619
1.6591520813488474E8,122925.0,4626688
1.6591233801755676E8,123019.0,4630045
1.6591058740253505E8,123035.0,4630855
1.6583923339980876E8,123629.0,4652204
1.6583195567549944E8,123660.0,4653134
1.65831950158477E8,123832.0,4659695
1.6582812338670367E8,124129.0,4670617
1.6582712600679082E8,124160.0,4671719
1.6581194682919383E8,124472.0,4682953
1.6580432098825747E8,124488.0,4683300
1.65716590360719E8,125176.0,4708084
1.6570560199349543E8,125207.0,4709392
1.656979893375164E8,125316.0,4712815
1.656949466817268E8,125973.0,4737124
1.656906747392188E8,126066.0,4740917
1.656799959287293E8,126176.0,4744590
1.6567161907071868E8,126879.0,4771079
1.6566760696177325E8,126957.0,4773806
1.6566138455386832E8,127176.0,4781775
1.6565152506363308E8,127176.0,4781867
1.6564944224313742E8,127473.0,4793392
1.6564502102579564E8,127535.0,4795532
1.6564466883654565E8,127598.0,4797480
1.6564268033566725E8,127692.0,4800941
1.6558662051181203E8,127785.0,4804650
1.6556612544353026E8,127817.0,4805500
1.6555572586206326E8,127848.0,4807053
1.6555240107877526E8,127957.0,4811062
1.6552466053678346E8,128098.0,4815862
1.654994955631269E8,128160.0,4818331
1.6535482862796754E8,128254.0,4821958
1.6535417024657112E8,128270.0,4822802
1.653400076190582E8,128332.0,4825112
1.653268581594429E8,128395.0,4827683
1.6525045385627025E8,128613.0,4835776
1.652500712630734E8,128660.0,4838072
1.6520934082813358E8,128660.0,4838182
1.6518907415829414E8,128676.0,4838504
1.651888725669819E8,128723.0,4840486
1.6496110881771708E8,129129.0,4854886
1.6495937284934098E8,129145.0,4855377
1.649517302693026E8,129239.0,4858560
1.6494220313056102E8,129364.0,4863459
1.649387255018245E8,129582.0,4871911
1.6493429606875047E8,129676.0,4875116
1.6493401627014711E8,129754.0,4878211
1.6491340958472186E8,129848.0,4881258
1.6488582771444348E8,129895.0,4883006
1.6488367501837558E8,130035.0,4887890
1.6487689331392643E8,130035.0,4887894
1.6486223019048968E8,130661.0,4910990
1.6483704505335355E8,130692.0,4912325
1.6483366942093644E8,131067.0,4926176
1.6482685972488007E8,131504.0,4941971
1.6482108632601103E8,131629.0,4946585
1.6481985654819453E8,131848.0,4954845
1.6480576787266573E8,131895.0,4956243
1.6480440463272503E8,131911.0,4957464
1.64803978984522E8,132145.0,4965778
1.647796882669064E8,132364.0,4974181
1.6477782157737622E8,132426.0,4976750
1.6473917887198645E8,132520.0,4979898
1.6470606598611742E8,132629.0,4984274
1.646834255708766E8,132801.0,4991094
1.646782879687389E8,132879.0,4994282
1.646769305252351E8,133036.0,4999698
1.6467632769602007E8,133036.0,4999835
1.6467325127860996E8,133208.0,5006067
1.646466358769115E8,133301.0,5009077
1.6464559530991516E8,133442.0,5014435
1.646452941566591E8,133755.0,5025816
1.646451454048077E8,134333.0,5047718
1.6453273891580334E8,134755.0,5064219
1.645300309810249E8,134833.0,5067079
1.6450918741300082E8,134864.0,5068424
1.6450542852273512E8,135145.0,5079334
1.6444431811443767E8,135395.0,5088644
1.6444230938062474E8,135583.0,5095192
1.6444212450533223E8,135630.0,5097036
1.644409412576556E8,135723.0,5100560
1.6440930616061416E8,135755.0,5101843
1.6440513364451098E8,136567.0,5131463
1.643982038038285E8,136770.0,5139616
1.6439509092144382E8,136942.0,5146243
1.6438901362549305E8,137099.0,5152483
1.643722967280911E8,137286.0,5159742
1.6436359496169376E8,137396.0,5163954
1.643620631660083E8,137583.0,5170645
1.6435606249734077E8,137833.0,5180034
1.643553763380701E8,138364.0,5200588
1.643537518556568E8,138458.0,5204270
1.64346723705446E8,138802.0,5216973
1.643380497240633E8,139880.0,5257945
1.6431428274646968E8,140333.0,5275065
1.643123353163494E8,140615.0,5285204
1.6430870127176774E8,141036.0,5301101
1.6430863994425914E8,141458.0,5317120
1.6429883369397512E8,141849.0,5330869
1.64297407273281E8,141958.0,5334569
1.6429522751855376E8,142177.0,5341879
1.642899980203796E8,142208.0,5342978
1.6428911195755854E8,142474.0,5352644
1.6428813802000102E8,142537.0,5354790
1.6428805002946994E8,142552.0,5355468
1.642716762155571E8,142818.0,5365142
1.642022850930496E8,142849.0,5366341
1.6420115478339973E8,143068.0,5374036
1.642010660541639E8,143177.0,5377789
1.641705626020568E8,143521.0,5390927
1.6413393162446356E8,143537.0,5391725
1.6412395018747827E8,143615.0,5394142
1.6410853873300752E8,143709.0,5397066
1.641081629480086E8,144146.0,5412059
1.6410788147751033E8,144224.0,5414624
1.640701009860195E8,144443.0,5421879
1.6406057681170043E8,144552.0,5425425
1.640049284124938E8,144662.0,5429332
1.6397839076829335E8,144677.0,5429809
1.6397822634480965E8,144693.0,5429883
1.6397217120864627E8,144849.0,5435308
1.6396801985438034E8,144990.0,5439881
1.6396293358988696E8,145068.0,5442591
1.6396171114775622E8,145287.0,5450281
1.6395663873005298E8,145412.0,5454590
1.639346113212046E8,145412.0,5454655
1.6393384153049862E8,145599.0,5461092
1.6390203974543566E8,145693.0,5464117
1.6379779343668047E8,145724.0,5465509
1.6378660581963554E8,145740.0,5466204
1.637765203906587E8,145943.0,5472834
1.6377439334543514E8,146053.0,5476831
1.637329234843783E8,146068.0,5476904
1.6372621047251326E8,146162.0,5480190
1.6366896561943015E8,146256.0,5483303
1.6360733150443247E8,146646.0,5497257
1.6356986175523362E8,146896.0,5505882
1.6352367640492716E8,147490.0,5527045
1.6352314641370234E8,147537.0,5528786
1.635229907985935E8,147693.0,5534159
1.6352297142371804E8,148240.0,5553582
1.6352049229786327E8,148428.0,5560610
1.6351011990335268E8,148615.0,5567350
1.635046224141068E8,149022.0,5580884
1.6350209035477954E8,149256.0,5589315
1.634956616208984E8,149365.0,5593085
1.634947923986896E8,149397.0,5594391
1.634874661057124E8,149412.0,5594871
1.634870477749608E8,150006.0,5614252
1.6348697977466682E8,150209.0,5621381
1.6346077983620647E8,150459.0,5630060
1.6345720088159633E8,150459.0,5630333
1.6345314467727718E8,150787.0,5641623
1.63429892907502E8,151381.0,5663013
1.634091686204865E8,151725.0,5674793
1.6340655277830705E8,152178.0,5689989
1.6339180167242005E8,152241.0,5691931
1.6336558468790856E8,152350.0,5695623
1.633655845001454E8,152506.0,5700270
1.6332831460690948E8,152631.0,5704606
1.6332414695177647E8,152897.0,5714291
1.632965730781275E8,153163.0,5723603
1.632965581033323E8,153413.0,5732554
1.6328388140865943E8,153444.0,5733510
1.6328233563083854E8,154147.0,5757300
1.630943409966551E8,154225.0,5759991
1.6309343702137417E8,154491.0,5769275
1.6309330815968046E8,154506.0,5769642
1.6307017614794764E8,154538.0,5770916
1.6306906193561918E8,154538.0,5771086
1.6288168344592318E8,154835.0,5781568
1.6287943854775837E8,154866.0,5782866
1.6286046879585898E8,155038.0,5788857
1.628579729363456E8,155100.0,5790762
1.6285677132223234E8,155241.0,5796163
1.6279305414900836E8,155428.0,5802302
1.627681730762625E8,155600.0,5808095
1.6276783582950872E8,155850.0,5817210
1.627660102316398E8,155928.0,5820271
1.6274531386788023E8,155960.0,5821051
1.6267609862231213E8,155975.0,5821912
1.626713593715788E8,156038.0,5824383
1.6267135799696034E8,156053.0,5824481
1.6266589704425403E8,156100.0,5826205
1.6265226189008358E8,156116.0,5826749
1.6262612964408365E8,156132.0,5827740
1.62598348608819E8,156178.0,5829107
1.6259695287664494E8,156194.0,5830014
1.6251567999494043E8,156241.0,5831493
1.6250241534524432E8,156288.0,5833347
1.625017973124087E8,156288.0,5833590
1.624886483852153E8,156335.0,5835081
1.624884734467901E8,156741.0,5849350
1.6248814494279045E8,156960.0,5857537
1.624871885042857E8,157288.0,5869294
1.6248365808521423E8,157304.0,5869685
1.62478991481668E8,157460.0,5875162
1.624484419472056E8,157663.0,5882246
1.6242807879663625E8,157757.0,5885687
1.6241889297364601E8,157897.0,5890870
1.624176778784765E8,158116.0,5898627
1.624132356918658E8,158132.0,5899630
1.6240263514218706E8,158272.0,5904602
1.6239213539280874E8,158960.0,5929753
1.623687431373455E8,159022.0,5932080
1.6236443198352545E8,159132.0,5936090
1.6234618543249646E8,159288.0,5942041
1.623396056466208E8,159304.0,5942712
1.6233804184257698E8,159304.0,5943091
1.6233203053704703E8,160319.0,5978654
1.623316292488009E8,160648.0,5990908
1.6231315477779654E8,160757.0,5995189
1.6227682767452732E8,161070.0,6006709
1.622739214230826E8,161257.0,6013838
1.622703998193787E8,161320.0,6015753
1.6224420100995338E8,161335.0,6016776
1.6224298146180066E8,161398.0,6018874
1.6223151174711847E8,161445.0,6021038
1.6217430777080467E8,161460.0,6021512
1.6216036007659063E8,161570.0,6025926
1.6215831605125782E8,161601.0,6026981
1.621563825723683E8,161757.0,6033101
1.621280592218693E8,161960.0,6041054
1.621264147313188E8,162163.0,6048732
1.621088386664465E8,162320.0,6054777
1.621026519139973E8,162351.0,6055903
1.6210257997292444E8,162992.0,6077925
1.6207744856540945E8,162992.0,6078343
1.6191582603678942E8,163242.0,6087232
1.619147179289628E8,163382.0,6092505
1.6190649869785348E8,163460.0,6095575
1.6187629012430766E8,163929.0,6113100
1.6187309335976434E8,164007.0,6116258
1.6187301265406522E8,164273.0,6126089
1.6187169911067203E8,164632.0,6139600
1.618660204282269E8,164820.0,6146527
1.618643902149316E8,164867.0,6147897
1.617562813825726E8,164882.0,6148692
1.6174022664223516E8,164961.0,6151414
1.6174019491806388E8,165195.0,6160761
1.6173839744089964E8,165273.0,6163408
1.61735411691333E8,165336.0,6166125
1.6173261744660863E8,165726.0,6180775
1.617279462696518E8,165804.0,6184000
1.6172598524816817E8,166039.0,6192604
1.6171750328007877E8,166336.0,6204329
1.6171624732238886E8,166429.0,6207649
1.6171222246506342E8,166476.0,6209404
1.616871138524141E8,166679.0,6216764
1.6168703847079325E8,167039.0,6230494
1.6167723929031724E8,167070.0,6231312
1.616759108470614E8,167086.0,6232478
1.6165799989750296E8,167101.0,6232779
1.6165009013594246E8,167195.0,6236160
1.6165006800661474E8,167836.0,6261801
1.616473901193555E8,168164.0,6274604
1.6164249400989485E8,168414.0,6283576
1.6159362794055724E8,168430.0,6284182
1.6157476553323227E8,168570.0,6289723
1.6156699078102547E8,168867.0,6301171
1.615362296225661E8,169055.0,6308167
1.6153517060986456E8,169164.0,6312543
1.6153467674039364E8,169398.0,6321477
1.6141915364495823E8,169492.0,6324836
1.6138883474935168E8,170524.0,6366499
1.6138587760885155E8,170633.0,6371015
1.6138461014667475E8,170664.0,6371831
1.6137960182154897E8,170789.0,6377076
1.6136717446306035E8,170836.0,6379059
1.6132782668282595E8,171289.0,6396417
1.6131626567239308E8,171446.0,6402555
1.6131227806713498E8,171461.0,6403031
1.6129777658704427E8,171492.0,6404355
1.6128865473944214E8,171539.0,6406235
1.612859410127976E8,171774.0,6415714
1.6125500561871618E8,171821.0,6417267
1.6125450382643148E8,171914.0,6420924
1.6124155623222056E8,172539.0,6444472
1.6122164671996757E8,172586.0,6446210
1.6119743537547404E8,172586.0,6446413
1.6119514483170807E8,173055.0,6464109
1.6118946111647388E8,173180.0,6469049
1.611892024856718E8,173258.0,6472080
1.6118561667008096E8,173586.0,6484743
1.6111616214552236E8,173711.0,6489762
1.611007802632638E8,173743.0,6491234
1.6109835492002234E8,173868.0,6495955
1.6109698270244938E8,173899.0,6497336
1.6109154968396276E8,174071.0,6503726
1.6109154931701124E8,174305.0,6512105
1.6107710744638124E8,174540.0,6520314
1.6107358753392014E8,175055.0,6538853
1.6106925683421573E8,175258.0,6545810
1.6105603492018256E8,176618.0,6594799
1.6105411738225353E8,177680.0,6633052
1.6099809528252956E8,177759.0,6636021
1.609843021993344E8,177946.0,6643445
1.6098312789999178E8,178306.0,6656021
1.6098288531823623E8,178399.0,6659456
1.6097842172941196E8,178634.0,6668342
1.6092617606779414E8,178962.0,6680436
1.6092565944471598E8,179149.0,6687514
1.6092535109309837E8,179259.0,6692190
1.6092468217025998E8,179368.0,6695800
1.6092442473223647E8,179431.0,6698623
1.6092343699001464E8,179493.0,6700715
1.609221515693086E8,179696.0,6708553
1.6091582804107025E8,179712.0,6709130
1.6091350628422135E8,179743.0,6710810
1.60913323174205E8,179884.0,6715931
1.608830833135951E8,179993.0,6720504
1.6088048587557513E8,180259.0,6730512
1.6085250300198576E8,180274.0,6731102
1.608489361641873E8,180368.0,6734739
1.6084548988910714E8,180493.0,6739248
1.6083078190721253E8,180618.0,6744030
1.608271877158073E8,180790.0,6749313
1.6082085807243583E8,180900.0,6753231
1.6082034008824894E8,181056.0,6759203
1.6082031137028188E8,181118.0,6761398
1.6080822303209817E8,181462.0,6774047
1.607953743300636E8,181525.0,6776363
1.6079024948791444E8,181868.0,6788721
1.6079012984845957E8,182243.0,6802962
1.6078534844805378E8,182275.0,6804210
1.6078478482755738E8,182400.0,6809423
1.6077454924208206E8,182493.0,6812897
1.607733293215343E8,183025.0,6832648
1.607231328992773E8,183087.0,6834775
1.6071510679936975E8,183384.0,6845760
1.606504139306369E8,183665.0,6855732
1.6064458394680592E8,183712.0,6857585
1.6064415509102148E8,183790.0,6860906
1.6064015971953207E8,184541.0,6889138
1.6063873676761684E8,184697.0,6895311
1.6063841752641746E8,184712.0,6895776
1.6063827307544282E8,184806.0,6899399
1.6062398603451285E8,185244.0,6915356
1.606218027793806E8,185306.0,6917976
1.6061014422454965E8,186338.0,6955313
1.6060889867010766E8,186759.0,6970780
1.606086815354634E8,186822.0,6972855
1.6056784289763275E8,187197.0,6986857
1.6056777094997683E8,187463.0,6996782
1.6055532740727538E8,187478.0,6997218
1.6048582156280553E8,187744.0,7006481
1.6048486669616595E8,187806.0,7008977
1.6046955743798256E8,187900.0,7012280
1.6046917489488208E8,188010.0,7016457
1.6040748172324893E8,188010.0,7016614
1.6037780250342864E8,188150.0,7021477
1.603775615508325E8,188306.0,7027471
1.6037657907921022E8,188588.0,7037377
1.6037649450868E8,188885.0,7047456
1.603738411810996E8,188900.0,7048465
1.603300906111328E8,189182.0,7058996
1.603182308629939E8,189275.0,7062391
1.6030747166420746E8,189400.0,7067170
1.6030742429019493E8,189463.0,7069426
1.6030692451082334E8,189478.0,7070079
1.6029671214020056E8,189822.0,7082730
1.6029239373521557E8,189963.0,7087992
1.6028573616029006E8,189994.0,7088995
1.6028563443491694E8,191401.0,7140273
1.6027284341353366E8,192135.0,7166933
1.6027263489044574E8,192229.0,7170706
1.6027178441689092E8,192244.0,7170921
1.6025502087912175E8,192604.0,7184147
1.6024525357514647E8,192698.0,7187461
1.6024465067187718E8,192776.0,7190877
1.6023484722144505E8,192963.0,7197791
1.602033627015749E8,192979.0,7198406
1.6020295235876736E8,193526.0,7218703
1.6019323784882838E8,193635.0,7222579
1.6019306799238163E8,193791.0,7228648
1.601768361376495E8,194588.0,7256721
1.601731068825821E8,194807.0,7264186
1.6016969972394934E8,195354.0,7284599
1.601692966177461E8,195432.0,7287401
1.601682066326045E8,195932.0,7306145
1.601595878796694E8,196151.0,7313686
1.6015455627853945E8,197276.0,7353813
1.6015388060823897E8,198292.0,7390176
1.6015352900032568E8,198479.0,7397369
1.6015195052237648E8,199167.0,7422753
1.601511843346725E8,200136.0,7458345
1.601475026707222E8,200448.0,7469971
1.6011405748291534E8,201401.0,7505997
1.6010987267069876E8,202308.0,7538287
1.6010951466889066E8,202511.0,7546205
1.6009846315941796E8,202652.0,7551139
1.6009629816551432E8,202714.0,7553261
1.6007575039828706E8,203230.0,7572747
1.6007543487568015E8,203464.0,7581434
1.6007422718400425E8,203730.0,7591613
1.600678128687387E8,205574.0,7659885
1.6005879006350183E8,206011.0,7676106
1.6005875655632734E8,206011.0,7676390
1.6005728268002772E8,206105.0,7679471
1.6005723447506708E8,206246.0,7684665
1.6005451479274476E8,206761.0,7703100
1.600350414883104E8,207027.0,7712641
1.5995280091771197E8,207199.0,7718417
1.5995263307224303E8,207527.0,7729965
1.5993927103306398E8,208043.0,7748788
1.5993811272276947E8,208308.0,7758167
1.5993803751631442E8,208355.0,7759575
1.599370759183311E8,209637.0,7807160
1.5991264093560684E8,209746.0,7811253
1.5991132817230523E8,210574.0,7842537
1.5990359830085582E8,210887.0,7853855
1.5977267459043372E8,211215.0,7865318
1.597724247644936E8,211668.0,7882809
1.5976961612729686E8,211965.0,7894106
1.5942092320397392E8,212168.0,7901630
1.594151931962956E8,212215.0,7903348
1.5941449096417612E8,212340.0,7907640
1.5941244779191965E8,212903.0,7929361
1.593856717708885E8,212996.0,7932654
1.5937898719858623E8,213215.0,7941232
1.5936420081359378E8,213356.0,7946427
1.5936397497355646E8,213496.0,7951845
1.5932781542508784E8,213606.0,7955645
1.593276873911734E8,214434.0,7985961
1.5931933557391346E8,214450.0,7986762
1.5931203832683477E8,214981.0,8004799
1.592952253594048E8,215950.0,8042252
1.5929520440992743E8,216231.0,8053168
1.5929517090275294E8,216450.0,8060709
1.5929280807224312E8,216794.0,8072606
1.5928971974585336E8,216794.0,8072902
1.5928672818706873E8,217466.0,8096917
1.5928621428837425E8,218419.0,8131456
1.5923778304453716E8,218888.0,8148926
1.592321906432457E8,219138.0,8157837
1.5919801808561498E8,219153.0,8158694
1.5919210747789848E8,219231.0,8161298
1.5917213302335152E8,219513.0,8171379
1.5916477840214702E8,219591.0,8174308
1.5916316928520256E8,220091.0,8193584
1.5916258300589016E8,220185.0,8196671
1.5915274761776325E8,221935.0,8261609
1.5913639880699265E8,222091.0,8267214
1.5910142778958732E8,222419.0,8280216
1.59099550847555E8,223060.0,8304387
1.5909215931585747E8,223372.0,8316236
1.5909208326321712E8,223654.0,8327259
1.5908764144274384E8,223825.0,8333316
1.5907065979390618E8,223904.0,8336318
1.5906326184515393E8,224544.0,8359628
1.5893406990253443E8,225763.0,8404522
1.58933527510201E8,225888.0,8409776
1.589325687187522E8,226279.0,8424156
1.5892751134478703E8,228482.0,8503668
1.589180379540875E8,228545.0,8506159
1.5891453334444013E8,228717.0,8512281
1.5891003317168543E8,228810.0,8515371
1.589078370591721E8,228810.0,8515820
1.5890741506056544E8,228967.0,8521221
1.589063433336719E8,229295.0,8532927
1.5890078911616647E8,230060.0,8559909
1.5888754445501077E8,230748.0,8584872
1.588796535714668E8,232529.0,8651554
1.5886383429108584E8,232764.0,8660057
1.5886299162856013E8,232904.0,8665356
1.588623844989283E8,233420.0,8683843
1.588347992618158E8,233436.0,8684134
1.58832995290188E8,233780.0,8696829
1.588296001251953E8,234201.0,8712591
1.5882061756612805E8,234233.0,8713212
1.588198131058646E8,236264.0,8783959
1.5878940264874744E8,237186.0,8817161
1.5877546025852194E8,237592.0,8831186
1.5877326097479343E8,238780.0,8873416
1.5877293665294242E8,238968.0,8879823
1.5874726406069013E8,239405.0,8895778
1.5874701284166273E8,239780.0,8909475
1.5874386575930476E8,241468.0,8967145
1.5873476441013595E8,241812.0,8979291
1.58729990911561E8,242343.0,8998368
1.587221134933503E8,243093.0,9025100
1.5871745810733736E8,243234.0,9030614
1.5871476391180822E8,243968.0,9057253
1.5871476005204678E8,243968.0,9057295
1.5870905289257526E8,243984.0,9057568
1.587089499508308E8,244359.0,9070729
1.586981145970683E8,244452.0,9074284
1.586633837542437E8,244499.0,9075474
1.5860199340151766E8,244656.0,9081723
1.5860002908637935E8,244906.0,9090428
1.5859682537672582E8,245124.0,9098795
1.5859581298412427E8,245156.0,9100343
1.5859436434484395E8,245453.0,9110877
1.585071513416431E8,245796.0,9124353
1.584994234460724E8,245921.0,9128537
1.5849215052942276E8,246515.0,9149002
1.58491262919123E8,247046.0,9168278
1.5849114727340943E8,247093.0,9169933
1.58487535111506E8,247312.0,9177805
1.5848476101909977E8,247593.0,9187668
1.5848265152477273E8,247593.0,9187850
1.5843036701341298E8,247734.0,9192966
1.5842822000363973E8,247797.0,9195020
1.58428146521121E8,247953.0,9200641
1.5842765520289183E8,247984.0,9202002
1.5842710289802027E8,249109.0,9242858
1.584270592719524E8,249281.0,9248912
1.5842527028466314E8,249484.0,9256820
1.5842439436579996E8,250031.0,9276741
1.58424026818039E8,250984.0,9312661
1.5841964694837964E8,251656.0,9336460
1.5841938119094735E8,252063.0,9351349
1.5841916322924864E8,252985.0,9385462
1.5841567418068743E8,253453.0,9403544
1.5841307565881842E8,253656.0,9411317
1.5841237365396672E8,253906.0,9420508
1.5840020127416772E8,254125.0,9429214
1.584001433909066E8,254219.0,9432365
1.58389067821968E8,254297.0,9435470
1.583587709555719E8,254485.0,9442982
1.583586483218504E8,254735.0,9452045
1.5835849298815134E8,254782.0,9453814
1.5832694921599168E8,254797.0,9454731
1.5831465779292932E8,254875.0,9457440
1.5831426319735503E8,255250.0,9471041
1.5830925789438426E8,255532.0,9481629
1.5830916181531882E8,256172.0,9505653
1.5829426808504325E8,256204.0,9506801
1.5829425535682654E8,256547.0,9518362
1.5829048879358912E8,256672.0,9522836
1.5828713611814937E8,256751.0,9525743
1.582588372266422E8,257313.0,9547450
1.582585348847046E8,257516.0,9554742
1.5825793888395184E8,257594.0,9558100
1.5825492644953904E8,257657.0,9560183
1.5825474823463124E8,258048.0,9575137
1.5825447148307803E8,259016.0,9610567
1.5825409528434753E8,260438.0,9661457
1.5824818880599236E8,260892.0,9677462
1.5824806698424605E8,262017.0,9717844
1.5824297155022204E8,265220.0,9836796
1.582428767542367E8,265548.0,9849150
1.5824267663617074E8,266064.0,9868733
1.582426209573489E8,266783.0,9894942
1.5823043916746148E8,267048.0,9904080
1.582304386432211E8,268158.0,9945437
1.5823008240554705E8,269361.0,9988980
1.5822645127201653E8,269377.0,9989455
1.5819960034335846E8,269439.0,9991994
1.5819926631453487E8,269767.0,10003425
1.5819635753502172E8,269799.0,10004930
1.581946524418071E8,270236.0,10020203
1.5819465238742653E8,270408.0,10026232
1.5819464257238498E8,271455.0,10064351
1.581885232854705E8,272877.0,10115569
1.5818824579696053E8,274283.0,10167250
1.5818575905413157E8,274362.0,10170217
1.5818222996140048E8,276924.0,10261496
1.5817509244457778E8,279534.0,10353164
1.5817333566457006E8,281706.0,10430676
1.581728898415708E8,284472.0,10530458
1.5816034004619196E8,285097.0,10552906
1.5815794212255228E8,285253.0,10558467
1.581287154046208E8,286535.0,10605246
1.5812579650547194E8,286972.0,10621725
1.58120263218248E8,287738.0,10648860
1.5811266039820096E8,288785.0,10686969
1.581070169906039E8,288847.0,10689117
1.581069555124305E8,289175.0,10701458
1.581068626228502E8,289613.0,10717101
1.5810604216570282E8,294692.0,10898351
1.581026481098137E8,296098.0,10948892
1.5809758879193386E8,302661.0,11183751
1.5809217800956655E8,302771.0,11188017
1.5809109660538426E8,303224.0,11204488
1.5808973365517956E8,303396.0,11210505
1.5808892986891133E8,307724.0,11367092
1.5808890725229514E8,309599.0,11432551
1.5807021481584486E8,310834.0,11476227
1.5806993922609377E8,311787.0,11510104
1.5806968946434385E8,313522.0,11572798
1.580391337191616E8,314412.0,11606067
1.5801017887280512E8,314928.0,11625371
1.5799592632836238E8,316100.0,11668427
1.5799020592826942E8,317413.0,11715701
1.579711775480973E8,319163.0,11776592
1.579673542675851E8,320335.0,11818215
1.5796713598619768E8,320647.0,11829297
1.5796548024011803E8,321132.0,11845778
1.5796547635610807E8,325741.0,12010202
1.5796428798021722E8,326116.0,12024052
1.5796299313774517E8,326163.0,12026030
1.579629587471635E8,326398.0,12034869
1.5796250303514743E8,328226.0,12100229
1.5796193640185377E8,329976.0,12161907
1.5796169669978818E8,331258.0,12207736
1.5794417550968972E8,334024.0,12306434
1.5793715178326508E8,335727.0,12366596
1.579371420907803E8,341743.0,12579532
1.5793514221728355E8,341977.0,12587632
1.5793038140286985E8,343915.0,12655778
1.5792876540081206E8,344634.0,12681614
1.5792735814716893E8,345134.0,12700092
1.579265024776686E8,345634.0,12718182
1.5792092198151037E8,345697.0,12720681
1.57918720119267E8,345759.0,12722859
1.579155579906845E8,346259.0,12740169
1.579115606928385E8,349259.0,12846378
1.578990152862625E8,350103.0,12875817
1.5789326296644318E8,350978.0,12906334
1.5789299012038788E8,350994.0,12907033
1.5788639937111604E8,351900.0,12938617
1.5788063686232227E8,352369.0,12954412
1.5787871833217666E8,354448.0,13026104
1.5786711366398752E8,356635.0,13102552
1.5786663594037598E8,358245.0,13156980
1.5786645788346693E8,359511.0,13201290
1.5786624145481065E8,359620.0,13205328
1.5786434348859796E8,361058.0,13254478
1.5786293590752903E8,363433.0,13334891
1.5786236342655316E8,363870.0,13348735
1.5785508975401202E8,367136.0,13462090
1.5785465817338508E8,372246.0,13637214
1.5785189123971868E8,374481.0,13711937
1.5785187233605E8,381685.0,13959942
1.578517348655076E8,386935.0,14140657
1.5784906009131068E8,389076.0,14216513
1.578439883880759E8,389217.0,14221540
1.5783626567397988E8,395327.0,14435319
1.5783288222777095E8,399624.0,14585463
1.5782495670865777E8,399983.0,14598258
1.5782453677676606E8,402155.0,14673224
1.57820727148055E8,402843.0,14696047
1.5781899662402976E8,407859.0,14866465
1.578189940991203E8,409906.0,14938974
1.5781773582963988E8,417766.0,15210682
1.5781704905158415E8,425611.0,15478327
1.578153515150273E8,444253.0,16113967
1.5781153013963875E8,456927.0,16549440
1.578106964124277E8,457177.0,16558132
1.578073100453055E8,530559.0,19103840
1.578073036791235E8,550686.0,19803897
1.5780673467265677E8,553905.0,19914965
